UNITS=MM
#Layer_Color=9474304
#
#Feature symbol names
#
$0 r127

#
#Feature attribute names
#

#
#Layer features
#
L 1.50400766 34.34500624 1.80400706 34.34500624 0 P 0
L 1.50400766 39.3450064 1.80400706 39.3450064 0 P 0
L 1.50400766 44.34500656 1.80400706 44.34500656 0 P 0
L 1.50400766 49.34500672 1.80400706 49.34500672 0 P 0
L 1.50400766 54.34500688 1.80400706 54.34500688 0 P 0
L 1.50400766 79.34500768 1.80400706 79.34500768 0 P 0
L 1.65400736 34.19500654 1.65400736 34.49500594 0 P 0
L 1.65400736 39.1950067 1.65400736 39.4950061 0 P 0
L 1.65400736 44.19500686 1.65400736 44.49500626 0 P 0
L 1.65400736 49.19500702 1.65400736 49.49500642 0 P 0
L 1.65400736 54.19500718 1.65400736 54.49500658 0 P 0
L 1.65400736 79.19500798 1.65400736 79.49500738 0 P 0
L 1.89999874 2.99999908 4.09999942 2.99999908 0 P 0
L 1.89999874 74.99999986 4.09999942 74.99999986 0 P 0
L 2.99999908 1.89999874 2.99999908 4.09999942 0 P 0
L 2.99999908 73.89999952 2.99999908 76.1000002 0 P 0
L 3.60000042 29.5099994 6.5999995 29.5099994 0 P 0
L 3.60000042 53.07000054 6.5999995 53.07000054 0 P 0
L 3.84999992 7.99999924 4.14999932 7.99999924 0 P 0
L 3.99999962 7.84999954 3.99999962 8.14999894 0 P 0
L 4.55000106 7.10000104 4.85000046 7.10000104 0 P 0
L 4.64560158 8.93831842 4.94560098 8.93831842 0 P 0
L 4.70000076 6.95000134 4.70000076 7.25000074 0 P 0
L 4.79560128 8.78831872 4.79560128 9.08831812 0 P 0
L 5.09999996 28.00999986 5.09999996 31.00999894 0 P 0
L 5.09999996 51.570001 5.09999996 54.57000008 0 P 0
L 6.50400782 34.34500624 6.80400722 34.34500624 0 P 0
L 6.50400782 39.3450064 6.80400722 39.3450064 0 P 0
L 6.50400782 44.34500656 6.80400722 44.34500656 0 P 0
L 6.50400782 49.34500672 6.80400722 49.34500672 0 P 0
L 6.50400782 59.34500704 6.80400722 59.34500704 0 P 0
L 6.50400782 64.3450072 6.80400722 64.3450072 0 P 0
L 6.50400782 69.34500736 6.80400722 69.34500736 0 P 0
L 6.50400782 74.34500752 6.80400722 74.34500752 0 P 0
L 6.50400782 79.34500768 6.80400722 79.34500768 0 P 0
L 6.65400752 34.19500654 6.65400752 34.49500594 0 P 0
L 6.65400752 39.1950067 6.65400752 39.4950061 0 P 0
L 6.65400752 44.19500686 6.65400752 44.49500626 0 P 0
L 6.65400752 49.19500702 6.65400752 49.49500642 0 P 0
L 6.65400752 59.19500734 6.65400752 59.49500674 0 P 0
L 6.65400752 64.1950075 6.65400752 64.4950069 0 P 0
L 6.65400752 69.19500766 6.65400752 69.49500706 0 P 0
L 6.65400752 74.19500782 6.65400752 74.49500722 0 P 0
L 6.65400752 79.19500798 6.65400752 79.49500738 0 P 0
L 7.64999994 1.69999914 7.94999934 1.69999914 0 P 0
L 7.64999994 3.20000122 7.94999934 3.20000122 0 P 0
L 7.79999964 1.54999944 7.79999964 1.84999884 0 P 0
L 7.79999964 3.05000152 7.79999964 3.35000092 0 P 0
L 8.65000048 26.10000114 8.94999988 26.10000114 0 P 0
L 8.80000018 25.95000144 8.80000018 26.25000084 0 P 0
L 8.94999988 28.29999928 9.24999928 28.29999928 0 P 0
L 9.09999958 28.14999958 9.09999958 28.44999898 0 P 0
L 9.14999948 12.7999998 9.44999888 12.7999998 0 P 0
L 9.14999948 14.59999874 9.44999888 14.59999874 0 P 0
L 9.14999948 20.79999904 9.44999888 20.79999904 0 P 0
L 9.14999948 22.60000052 9.44999888 22.60000052 0 P 0
L 9.29999918 12.6500001 9.29999918 12.9499995 0 P 0
L 9.29999918 14.44999904 9.29999918 14.74999844 0 P 0
L 9.29999918 20.64999934 9.29999918 20.94999874 0 P 0
L 9.29999918 22.45000082 9.29999918 22.75000022 0 P 0
L 9.34999908 62.00000046 9.64999848 62.00000046 0 P 0
L 9.49999878 61.85000076 9.49999878 62.15000016 0 P 0
L 10.0952046 60.50000092 10.395204 60.50000092 0 P 0
L 10.15000002 63.5 10.44999942 63.5 0 P 0
L 10.2452043 60.35000122 10.2452043 60.65000062 0 P 0
L 10.29999972 63.3500003 10.29999972 63.6499997 0 P 0
L 10.4497251 8.95290056 10.7497245 8.95290056 0 P 0
L 10.5997248 8.80290086 10.5997248 9.10290026 0 P 0
L 11.12499934 12.7999998 11.42499874 12.7999998 0 P 0
L 11.12499934 14.59999874 11.42499874 14.59999874 0 P 0
L 11.12499934 20.79999904 11.42499874 20.79999904 0 P 0
L 11.12499934 22.60000052 11.42499874 22.60000052 0 P 0
L 11.27499904 12.6500001 11.27499904 12.9499995 0 P 0
L 11.27499904 14.44999904 11.27499904 14.74999844 0 P 0
L 11.27499904 20.64999934 11.27499904 20.94999874 0 P 0
L 11.27499904 22.45000082 11.27499904 22.75000022 0 P 0
L 11.49520688 63.5 11.79520628 63.5 0 P 0
L 11.50400798 4.34500528 11.80400738 4.34500528 0 P 0
L 11.50400798 29.34500608 11.80400738 29.34500608 0 P 0
L 11.50400798 34.34500624 11.80400738 34.34500624 0 P 0
L 11.50400798 39.3450064 11.80400738 39.3450064 0 P 0
L 11.50400798 44.34500656 11.80400738 44.34500656 0 P 0
L 11.50400798 54.34500688 11.80400738 54.34500688 0 P 0
L 11.50400798 59.34500704 11.80400738 59.34500704 0 P 0
L 11.50400798 69.34500736 11.80400738 69.34500736 0 P 0
L 11.50400798 74.34500752 11.80400738 74.34500752 0 P 0
L 11.50400798 79.34500768 11.80400738 79.34500768 0 P 0
L 11.64520658 63.3500003 11.64520658 63.6499997 0 P 0
L 11.65400768 4.19500558 11.65400768 4.49500498 0 P 0
L 11.65400768 29.19500638 11.65400768 29.49500578 0 P 0
L 11.65400768 34.19500654 11.65400768 34.49500594 0 P 0
L 11.65400768 39.1950067 11.65400768 39.4950061 0 P 0
L 11.65400768 44.19500686 11.65400768 44.49500626 0 P 0
L 11.65400768 54.19500718 11.65400768 54.49500658 0 P 0
L 11.65400768 59.19500734 11.65400768 59.49500674 0 P 0
L 11.65400768 69.19500766 11.65400768 69.49500706 0 P 0
L 11.65400768 74.19500782 11.65400768 74.49500722 0 P 0
L 11.65400768 79.19500798 11.65400768 79.49500738 0 P 0
L 11.84999916 49.99999906 12.14999856 49.99999906 0 P 0
L 11.99999886 49.84999936 11.99999886 50.14999876 0 P 0
L 12.40058988 53.16689138 13.28958988 53.16689138 0 P 0
L 12.4500005 25.0000008 12.7499999 25.0000008 0 P 0
L 12.6000002 24.8500011 12.6000002 25.1500005 0 P 0
L 12.84508988 52.72239138 12.84508988 53.61139138 0 P 0
L 12.99520642 60.50000092 13.29520582 60.50000092 0 P 0
L 12.99520642 63.5 13.29520582 63.5 0 P 0
L 13.0999992 12.7999998 13.3999986 12.7999998 0 P 0
L 13.0999992 14.59999874 13.3999986 14.59999874 0 P 0
L 13.0999992 20.79999904 13.3999986 20.79999904 0 P 0
L 13.0999992 22.60000052 13.3999986 22.60000052 0 P 0
L 13.14520612 60.35000122 13.14520612 60.65000062 0 P 0
L 13.14520612 63.3500003 13.14520612 63.6499997 0 P 0
L 13.2499989 12.6500001 13.2499989 12.9499995 0 P 0
L 13.2499989 14.44999904 13.2499989 14.74999844 0 P 0
L 13.2499989 20.64999934 13.2499989 20.94999874 0 P 0
L 13.2499989 22.45000082 13.2499989 22.75000022 0 P 0
L 13.35000124 3.20000122 13.65000064 3.20000122 0 P 0
L 13.50000094 3.05000152 13.50000094 3.35000092 0 P 0
L 13.6475851 62.00000046 13.9475845 62.00000046 0 P 0
L 13.7975848 61.85000076 13.7975848 62.15000016 0 P 0
L 14.35000178 47.42143424 14.65000118 47.42143424 0 P 0
L 14.50000148 47.27143454 14.50000148 47.57143394 0 P 0
L 14.65000118 3.20000122 14.95000058 3.20000122 0 P 0
L 14.80000088 3.05000152 14.80000088 3.35000092 0 P 0
L 14.90000068 20.79999904 15.20000008 20.79999904 0 P 0
L 14.90000068 22.60000052 15.20000008 22.60000052 0 P 0
L 14.94058988 53.16689138 15.82958988 53.16689138 0 P 0
L 14.95000058 12.7999998 15.24999998 12.7999998 0 P 0
L 14.95000058 14.59999874 15.24999998 14.59999874 0 P 0
L 14.95000058 16.69999962 15.24999998 16.69999962 0 P 0
L 14.95000058 18.7000007 15.24999998 18.7000007 0 P 0
L 15.05000038 20.64999934 15.05000038 20.94999874 0 P 0
L 15.05000038 22.45000082 15.05000038 22.75000022 0 P 0
L 15.10000028 12.6500001 15.10000028 12.9499995 0 P 0
L 15.10000028 14.44999904 15.10000028 14.74999844 0 P 0
L 15.10000028 16.54999992 15.10000028 16.84999932 0 P 0
L 15.10000028 18.550001 15.10000028 18.8500004 0 P 0
L 15.38508988 52.72239138 15.38508988 53.61139138 0 P 0
L 15.7250003 11.00000086 16.0249997 11.00000086 0 P 0
L 15.75000152 75.54999876 16.05000092 75.54999876 0 P 0
L 15.875 10.85000116 15.875 11.15000056 0 P 0
L 15.90000122 75.39999906 15.90000122 75.69999846 0 P 0
L 16.05000092 3.20000122 16.35000032 3.20000122 0 P 0
L 16.11551006 24.27500098 16.41550946 24.27500098 0 P 0
L 16.20000062 3.05000152 16.20000062 3.35000092 0 P 0
L 16.26550976 24.12500128 16.26550976 24.42500068 0 P 0
L 16.50400814 29.34500608 16.80400754 29.34500608 0 P 0
L 16.50400814 34.34500624 16.80400754 34.34500624 0 P 0
L 16.50400814 39.3450064 16.80400754 39.3450064 0 P 0
L 16.50400814 49.34500672 16.80400754 49.34500672 0 P 0
L 16.50400814 59.34500704 16.80400754 59.34500704 0 P 0
L 16.50400814 64.3450072 16.80400754 64.3450072 0 P 0
L 16.50400814 79.34500768 16.80400754 79.34500768 0 P 0
L 16.50400814 84.34500784 16.80400754 84.34500784 0 P 0
L 16.65400784 29.19500638 16.65400784 29.49500578 0 P 0
L 16.65400784 34.19500654 16.65400784 34.49500594 0 P 0
L 16.65400784 39.1950067 16.65400784 39.4950061 0 P 0
L 16.65400784 49.19500702 16.65400784 49.49500642 0 P 0
L 16.65400784 59.19500734 16.65400784 59.49500674 0 P 0
L 16.65400784 64.1950075 16.65400784 64.4950069 0 P 0
L 16.65400784 79.19500798 16.65400784 79.49500738 0 P 0
L 16.65400784 84.19500814 16.65400784 84.49500754 0 P 0
L 16.84999932 4.80000056 17.14999872 4.80000056 0 P 0
L 16.94999912 9.19999938 17.24999852 9.19999938 0 P 0
L 16.94999912 10.00000032 17.24999852 10.00000032 0 P 0
L 16.99999902 4.65000086 16.99999902 4.95000026 0 P 0
L 17.00000156 10.82500248 17.30000096 10.82500248 0 P 0
L 17.09999882 9.04999968 17.09999882 9.34999908 0 P 0
L 17.09999882 9.85000062 17.09999882 10.15000002 0 P 0
L 17.15000126 10.67500278 17.15000126 10.97500218 0 P 0
L 17.48058988 53.16689138 18.36958988 53.16689138 0 P 0
L 17.55000046 29.39999962 17.84999986 29.39999962 0 P 0
L 17.70000016 29.24999992 17.70000016 29.54999932 0 P 0
L 17.92508988 52.72239138 17.92508988 53.61139138 0 P 0
L 17.94999966 9.19999938 18.24999906 9.19999938 0 P 0
L 17.94999966 17.09999882 18.24999906 17.09999882 0 P 0
L 17.95500092 71.4199994 19.04500128 71.4199994 0 P 0
L 17.95500092 76.4999994 19.04500128 76.4999994 0 P 0
L 17.95500092 81.5799994 19.04500128 81.5799994 0 P 0
L 18.09999936 9.04999968 18.09999936 9.34999908 0 P 0
L 18.09999936 16.94999912 18.09999936 17.24999852 0 P 0
L 18.14996878 13.19998376 18.44996818 13.19998376 0 P 0
L 18.29996848 13.04998406 18.29996848 13.34998346 0 P 0
L 18.37500008 20.6499968 18.67499948 20.6499968 0 P 0
L 18.49425054 22.6765358 18.79424994 22.6765358 0 P 0
L 18.5000011 70.87499922 18.5000011 71.96499958 0 P 0
L 18.5000011 75.95499922 18.5000011 77.04499958 0 P 0
L 18.5000011 81.03499922 18.5000011 82.12499958 0 P 0
L 18.52499978 20.4999971 18.52499978 20.7999965 0 P 0
L 18.64425024 22.5265361 18.64425024 22.8265355 0 P 0
L 18.8500004 9.19999938 19.1499998 9.19999938 0 P 0
L 18.8500004 17.09999882 19.1499998 17.09999882 0 P 0
L 19.0000001 9.04999968 19.0000001 9.34999908 0 P 0
L 19.0000001 16.94999912 19.0000001 17.24999852 0 P 0
L 19.25940014 28.94999798 19.55939954 28.94999798 0 P 0
L 19.40939984 28.79999828 19.40939984 29.09999768 0 P 0
L 19.70000124 9.19999938 20.00000064 9.19999938 0 P 0
L 19.85000094 9.04999968 19.85000094 9.34999908 0 P 0
L 19.85000094 17.09999882 20.15000034 17.09999882 0 P 0
L 20.00000064 16.94999912 20.00000064 17.24999852 0 P 0
L 20.02058988 53.22089178 20.90958988 53.22089178 0 P 0
L 20.05000054 20.89999884 20.34999994 20.89999884 0 P 0
L 20.05000054 22.50000072 20.34999994 22.50000072 0 P 0
L 20.20000024 20.74999914 20.20000024 21.04999854 0 P 0
L 20.20000024 22.35000102 20.20000024 22.65000042 0 P 0
L 20.46508988 52.77639178 20.46508988 53.66539178 0 P 0
L 20.59999944 9.19999938 20.89999884 9.19999938 0 P 0
L 20.59999944 10.29999972 20.89999884 10.29999972 0 P 0
L 20.59999944 11.37312432 20.89999884 11.37312432 0 P 0
L 20.59999944 15.04999784 20.89999884 15.04999784 0 P 0
L 20.59999944 15.90000122 20.89999884 15.90000122 0 P 0
L 20.74999914 9.04999968 20.74999914 9.34999908 0 P 0
L 20.74999914 10.15000002 20.74999914 10.44999942 0 P 0
L 20.74999914 11.22312462 20.74999914 11.52312402 0 P 0
L 20.74999914 14.89999814 20.74999914 15.19999754 0 P 0
L 20.74999914 15.75000152 20.74999914 16.05000092 0 P 0
L 20.74999914 19.70000124 21.04999854 19.70000124 0 P 0
L 20.89999884 19.55000154 20.89999884 19.85000094 0 P 0
L 20.95467234 23.24999922 21.25467174 23.24999922 0 P 0
L 21.10467204 23.09999952 21.10467204 23.39999892 0 P 0
L 21.15000088 33.19999964 21.45000028 33.19999964 0 P 0
L 21.30000058 33.04999994 21.30000058 33.34999934 0 P 0
L 21.35000048 58.49999984 21.64999988 58.49999984 0 P 0
L 21.50000018 58.35000014 21.50000018 58.64999954 0 P 0
L 21.5040083 34.34500624 21.8040077 34.34500624 0 P 0
L 21.5040083 39.3450064 21.8040077 39.3450064 0 P 0
L 21.5040083 44.34500656 21.8040077 44.34500656 0 P 0
L 21.5040083 49.34500672 21.8040077 49.34500672 0 P 0
L 21.5040083 54.34500688 21.8040077 54.34500688 0 P 0
L 21.5040083 69.34500736 21.8040077 69.34500736 0 P 0
L 21.5040083 74.34500752 21.8040077 74.34500752 0 P 0
L 21.5040083 79.34500768 21.8040077 79.34500768 0 P 0
L 21.5040083 84.34500784 21.8040077 84.34500784 0 P 0
L 21.55000008 11.40000006 21.84999948 11.40000006 0 P 0
L 21.55000008 12.3000008 21.84999948 12.3000008 0 P 0
L 21.55000008 13.199999 21.84999948 13.199999 0 P 0
L 21.55000008 14.09999974 21.84999948 14.09999974 0 P 0
L 21.55000008 15.00000048 21.84999948 15.00000048 0 P 0
L 21.654008 34.19500654 21.654008 34.49500594 0 P 0
L 21.654008 39.1950067 21.654008 39.4950061 0 P 0
L 21.654008 44.19500686 21.654008 44.49500626 0 P 0
L 21.654008 49.19500702 21.654008 49.49500642 0 P 0
L 21.654008 54.19500718 21.654008 54.49500658 0 P 0
L 21.654008 69.19500766 21.654008 69.49500706 0 P 0
L 21.654008 74.19500782 21.654008 74.49500722 0 P 0
L 21.654008 79.19500798 21.654008 79.49500738 0 P 0
L 21.654008 84.19500814 21.654008 84.49500754 0 P 0
L 21.69999978 11.25000036 21.69999978 11.54999976 0 P 0
L 21.69999978 12.1500011 21.69999978 12.4500005 0 P 0
L 21.69999978 13.0499993 21.69999978 13.3499987 0 P 0
L 21.69999978 13.95000004 21.69999978 14.24999944 0 P 0
L 21.69999978 14.85000078 21.69999978 15.15000018 0 P 0
L 21.74999968 23.80000066 22.04999908 23.80000066 0 P 0
L 21.74999968 31.3000009 22.04999908 31.3000009 0 P 0
L 21.89999938 23.65000096 21.89999938 23.95000036 0 P 0
L 21.89999938 31.1500012 21.89999938 31.4500006 0 P 0
L 23.05001486 8.00001448 23.35001426 8.00001448 0 P 0
L 23.20001456 7.85001478 23.20001456 8.15001418 0 P 0
L 23.24999922 58.99999884 23.54999862 58.99999884 0 P 0
L 23.39999892 58.84999914 23.39999892 59.14999854 0 P 0
L 23.45000136 29.69999902 23.75000076 29.69999902 0 P 0
L 23.60000106 29.54999932 23.60000106 29.84999872 0 P 0
L 23.85000056 15.00000048 24.14999996 15.00000048 0 P 0
L 24.00000026 14.85000078 24.00000026 15.15000018 0 P 0
L 24.23458958 7.74999974 24.53458898 7.74999974 0 P 0
L 24.34999956 58.99999884 24.64999896 58.99999884 0 P 0
L 24.34999956 61.49999892 24.64999896 61.49999892 0 P 0
L 24.38458928 7.60000004 24.38458928 7.89999944 0 P 0
L 24.49999926 58.84999914 24.49999926 59.14999854 0 P 0
L 24.49999926 61.34999922 24.49999926 61.64999862 0 P 0
L 24.59999906 19.50000164 24.89999846 19.50000164 0 P 0
L 24.74999876 19.35000194 24.74999876 19.65000134 0 P 0
L 25.57346422 10.39391622 25.87346362 10.39391622 0 P 0
L 25.60000468 68.00000116 25.90000408 68.00000116 0 P 0
L 25.72346392 10.24391652 25.72346392 10.54391592 0 P 0
L 25.7499993 17.20000116 26.0499987 17.20000116 0 P 0
L 25.75000438 67.85000146 25.75000438 68.15000086 0 P 0
L 25.899999 17.05000146 25.899999 17.35000086 0 P 0
L 26.35000064 9.49999878 26.65000004 9.49999878 0 P 0
L 26.4550017 71.41999432 27.54500206 71.41999432 0 P 0
L 26.4550017 76.49999432 27.54500206 76.49999432 0 P 0
L 26.4550017 81.57999432 27.54500206 81.57999432 0 P 0
L 26.50000034 9.34999908 26.50000034 9.64999848 0 P 0
L 26.50400846 19.34500576 26.80400786 19.34500576 0 P 0
L 26.50400846 39.3450064 26.80400786 39.3450064 0 P 0
L 26.50400846 44.34500656 26.80400786 44.34500656 0 P 0
L 26.50400846 49.34500672 26.80400786 49.34500672 0 P 0
L 26.50400846 69.34500736 26.80400786 69.34500736 0 P 0
L 26.50400846 74.34500752 26.80400786 74.34500752 0 P 0
L 26.50400846 79.34500768 26.80400786 79.34500768 0 P 0
L 26.54500152 12.200001 26.84500092 12.200001 0 P 0
L 26.65400816 19.19500606 26.65400816 19.49500546 0 P 0
L 26.65400816 39.1950067 26.65400816 39.4950061 0 P 0
L 26.65400816 44.19500686 26.65400816 44.49500626 0 P 0
L 26.65400816 49.19500702 26.65400816 49.49500642 0 P 0
L 26.65400816 69.19500766 26.65400816 69.49500706 0 P 0
L 26.65400816 74.19500782 26.65400816 74.49500722 0 P 0
L 26.65400816 79.19500798 26.65400816 79.49500738 0 P 0
L 26.69500122 12.0500013 26.69500122 12.3500007 0 P 0
L 26.69999994 29.5099994 29.69999902 29.5099994 0 P 0
L 26.69999994 53.07000054 29.69999902 53.07000054 0 P 0
L 27.00000188 70.87499414 27.00000188 71.9649945 0 P 0
L 27.00000188 75.95499414 27.00000188 77.0449945 0 P 0
L 27.00000188 81.03499414 27.00000188 82.1249945 0 P 0
L 27.35000118 14.29999934 27.65000058 14.29999934 0 P 0
L 27.50000088 14.14999964 27.50000088 14.44999904 0 P 0
L 27.60000068 86.49999972 27.90000008 86.49999972 0 P 0
L 27.65000058 62.69999906 27.94999998 62.69999906 0 P 0
L 27.75000038 86.35000002 27.75000038 86.64999942 0 P 0
L 27.80000028 62.54999936 27.80000028 62.84999876 0 P 0
L 28.19999948 28.00999986 28.19999948 31.00999894 0 P 0
L 28.19999948 51.570001 28.19999948 54.57000008 0 P 0
L 28.65000112 60.325 28.95000052 60.325 0 P 0
L 28.80000082 60.1750003 28.80000082 60.4749997 0 P 0
L 28.80000844 4.09800552 29.10000784 4.09800552 0 P 0
L 28.80000844 5.71207392 29.10000784 5.71207392 0 P 0
L 28.95000814 3.94800582 28.95000814 4.24800522 0 P 0
L 28.95000814 5.56207422 28.95000814 5.86207362 0 P 0
L 29.15000012 61.80000086 29.44999952 61.80000086 0 P 0
L 29.24999992 65.50000108 29.54999932 65.50000108 0 P 0
L 29.29999982 61.65000116 29.29999982 61.95000056 0 P 0
L 29.39999962 65.35000138 29.39999962 65.65000078 0 P 0
L 29.6200068 22.45499954 29.9200062 22.45499954 0 P 0
L 29.7700065 22.30499984 29.7700065 22.60499924 0 P 0
L 30.15000066 11.99999886 30.45000006 11.99999886 0 P 0
L 30.30000036 11.84999916 30.30000036 12.14999856 0 P 0
L 30.35000026 19.0000001 30.64999966 19.0000001 0 P 0
L 30.49999996 18.8500004 30.49999996 19.1499998 0 P 0
L 30.61175488 64.22715628 30.91175428 64.22715628 0 P 0
L 30.76175458 64.07715658 30.76175458 64.37715598 0 P 0
L 30.94999906 78.99999948 31.24999846 78.99999948 0 P 0
L 30.95000922 4.11608016 31.25000862 4.11608016 0 P 0
L 31.09999876 78.84999978 31.09999876 79.14999918 0 P 0
L 31.10000892 3.96608046 31.10000892 4.26607986 0 P 0
L 31.50400862 9.34500544 31.80400802 9.34500544 0 P 0
L 31.50400862 19.34500576 31.80400802 19.34500576 0 P 0
L 31.50400862 34.34500624 31.80400802 34.34500624 0 P 0
L 31.50400862 44.34500656 31.80400802 44.34500656 0 P 0
L 31.50400862 64.3450072 31.80400802 64.3450072 0 P 0
L 31.50400862 69.34500736 31.80400802 69.34500736 0 P 0
L 31.65400832 9.19500574 31.65400832 9.49500514 0 P 0
L 31.65400832 19.19500606 31.65400832 19.49500546 0 P 0
L 31.65400832 34.19500654 31.65400832 34.49500594 0 P 0
L 31.65400832 44.19500686 31.65400832 44.49500626 0 P 0
L 31.65400832 64.1950075 31.65400832 64.4950069 0 P 0
L 31.65400832 69.19500766 31.65400832 69.49500706 0 P 0
L 32.0499994 24.88933808 32.3499988 24.88933808 0 P 0
L 32.1999991 24.73933838 32.1999991 25.03933778 0 P 0
L 32.3999987 74.99999986 34.59999938 74.99999986 0 P 0
L 32.61013544 25.59378422 32.91013484 25.59378422 0 P 0
L 32.76013514 25.44378452 32.76013514 25.74378392 0 P 0
L 33.49999904 73.89999952 33.49999904 76.1000002 0 P 0
L 33.98720152 15.89999868 35.61280152 15.89999868 0 P 0
L 34.15000028 23.09999952 34.44999968 23.09999952 0 P 0
L 34.29999998 22.94999982 34.29999998 23.24999922 0 P 0
L 34.3337896 66.00050808 35.88378904 66.00050808 0 P 0
L 34.34999988 3.40000082 34.64999928 3.40000082 0 P 0
L 34.49999958 3.25000112 34.49999958 3.55000052 0 P 0
L 34.54999948 86.49999972 34.84999888 86.49999972 0 P 0
L 34.69999918 86.35000002 34.69999918 86.64999942 0 P 0
L 34.80000152 15.08719868 34.80000152 16.71279868 0 P 0
L 35.10878932 65.22550836 35.10878932 66.7755078 0 P 0
L 36.05000156 26.89999954 36.35000096 26.89999954 0 P 0
L 36.20000126 26.74999984 36.20000126 27.04999924 0 P 0
L 36.50400878 4.34500528 36.80400818 4.34500528 0 P 0
L 36.50400878 9.34500544 36.80400818 9.34500544 0 P 0
L 36.50400878 34.34500624 36.80400818 34.34500624 0 P 0
L 36.50400878 39.3450064 36.80400818 39.3450064 0 P 0
L 36.50400878 49.34500672 36.80400818 49.34500672 0 P 0
L 36.50400878 69.34500736 36.80400818 69.34500736 0 P 0
L 36.50400878 74.34500752 36.80400818 74.34500752 0 P 0
L 36.55000056 54.30000062 36.84999996 54.30000062 0 P 0
L 36.65400848 4.19500558 36.65400848 4.49500498 0 P 0
L 36.65400848 9.19500574 36.65400848 9.49500514 0 P 0
L 36.65400848 34.19500654 36.65400848 34.49500594 0 P 0
L 36.65400848 39.1950067 36.65400848 39.4950061 0 P 0
L 36.65400848 49.19500702 36.65400848 49.49500642 0 P 0
L 36.65400848 69.19500766 36.65400848 69.49500706 0 P 0
L 36.65400848 74.19500782 36.65400848 74.49500722 0 P 0
L 36.70000026 21.5797384 36.99999966 21.5797384 0 P 0
L 36.70000026 54.15000092 36.70000026 54.45000032 0 P 0
L 36.84999996 21.4297387 36.84999996 21.7297381 0 P 0
L 37.4500013 59.20000098 37.7500007 59.20000098 0 P 0
L 37.4500013 62.9000012 37.7500007 62.9000012 0 P 0
L 37.600001 59.05000128 37.600001 59.35000068 0 P 0
L 37.600001 62.7500015 37.600001 63.0500009 0 P 0
L 38.5499991 10.19999992 38.8499985 10.19999992 0 P 0
L 38.5499991 13.2999988 38.8499985 13.2999988 0 P 0
L 38.5499991 14.59999874 38.8499985 14.59999874 0 P 0
L 38.6999988 10.05000022 38.6999988 10.34999962 0 P 0
L 38.6999988 13.1499991 38.6999988 13.4499985 0 P 0
L 38.6999988 14.44999904 38.6999988 14.74999844 0 P 0
L 39.45499348 71.41999432 40.54499384 71.41999432 0 P 0
L 39.45499348 76.49999432 40.54499384 76.49999432 0 P 0
L 39.45499348 81.57999432 40.54499384 81.57999432 0 P 0
L 39.99999366 70.87499414 39.99999366 71.9649945 0 P 0
L 39.99999366 75.95499414 39.99999366 77.0449945 0 P 0
L 39.99999366 81.03499414 39.99999366 82.1249945 0 P 0
L 40.94999938 10.19999992 41.24999878 10.19999992 0 P 0
L 41.04999918 13.2999988 41.34999858 13.2999988 0 P 0
L 41.09999908 10.05000022 41.09999908 10.34999962 0 P 0
L 41.19999888 13.1499991 41.19999888 13.4499985 0 P 0
L 41.50400894 4.34500528 41.80400834 4.34500528 0 P 0
L 41.50400894 29.34500608 41.80400834 29.34500608 0 P 0
L 41.50400894 34.34500624 41.80400834 34.34500624 0 P 0
L 41.50400894 39.3450064 41.80400834 39.3450064 0 P 0
L 41.50400894 44.34500656 41.80400834 44.34500656 0 P 0
L 41.50400894 54.34500688 41.80400834 54.34500688 0 P 0
L 41.50400894 64.3450072 41.80400834 64.3450072 0 P 0
L 41.50400894 69.34500736 41.80400834 69.34500736 0 P 0
L 41.50400894 74.34500752 41.80400834 74.34500752 0 P 0
L 41.65400864 4.19500558 41.65400864 4.49500498 0 P 0
L 41.65400864 29.19500638 41.65400864 29.49500578 0 P 0
L 41.65400864 34.19500654 41.65400864 34.49500594 0 P 0
L 41.65400864 39.1950067 41.65400864 39.4950061 0 P 0
L 41.65400864 44.19500686 41.65400864 44.49500626 0 P 0
L 41.65400864 54.19500718 41.65400864 54.49500658 0 P 0
L 41.65400864 64.1950075 41.65400864 64.4950069 0 P 0
L 41.65400864 69.19500766 41.65400864 69.49500706 0 P 0
L 41.65400864 74.19500782 41.65400864 74.49500722 0 P 0
L 42.38999396 81.96689728 42.68999336 81.96689728 0 P 0
L 42.53999366 81.81689758 42.53999366 82.11689698 0 P 0
L 42.65000106 77.10000074 42.95000046 77.10000074 0 P 0
L 42.80000076 76.95000104 42.80000076 77.25000044 0 P 0
L 43.69423316 49.94007792 43.99423256 49.94007792 0 P 0
L 43.84423286 49.79007822 43.84423286 50.09007762 0 P 0
L 43.950001 75.39999906 44.2500004 75.39999906 0 P 0
L 43.950001 86.10000052 44.2500004 86.10000052 0 P 0
L 44.1000007 75.24999936 44.1000007 75.54999876 0 P 0
L 44.1000007 85.95000082 44.1000007 86.25000022 0 P 0
L 44.1500006 50.9999996 44.45 50.9999996 0 P 0
L 44.3000003 50.8499999 44.3000003 51.1499993 0 P 0
L 44.94280318 51.7983089 45.24280258 51.7983089 0 P 0
L 45.09280288 51.6483092 45.09280288 51.9483086 0 P 0
L 45.25000094 14.59999874 45.55000034 14.59999874 0 P 0
L 45.35000074 18.39999876 45.65000014 18.39999876 0 P 0
L 45.35000074 21.50000018 45.65000014 21.50000018 0 P 0
L 45.40000064 14.44999904 45.40000064 14.74999844 0 P 0
L 45.50000044 18.24999906 45.50000044 18.54999846 0 P 0
L 45.50000044 21.35000048 45.50000044 21.64999988 0 P 0
L 45.68362974 52.49831004 45.98362914 52.49831004 0 P 0
L 45.83362944 52.34831034 45.83362944 52.64830974 0 P 0
L 46.5040091 29.34500608 46.8040085 29.34500608 0 P 0
L 46.5040091 34.34500624 46.8040085 34.34500624 0 P 0
L 46.5040091 39.3450064 46.8040085 39.3450064 0 P 0
L 46.5040091 44.34500656 46.8040085 44.34500656 0 P 0
L 46.5040091 49.34500672 46.8040085 49.34500672 0 P 0
L 46.5040091 64.3450072 46.8040085 64.3450072 0 P 0
L 46.5040091 69.34500736 46.8040085 69.34500736 0 P 0
L 46.5040091 74.34500752 46.8040085 74.34500752 0 P 0
L 46.5040091 79.34500768 46.8040085 79.34500768 0 P 0
L 46.55000088 10.19999992 46.85000028 10.19999992 0 P 0
L 46.55000088 13.2999988 46.85000028 13.2999988 0 P 0
L 46.6540088 29.19500638 46.6540088 29.49500578 0 P 0
L 46.6540088 34.19500654 46.6540088 34.49500594 0 P 0
L 46.6540088 39.1950067 46.6540088 39.4950061 0 P 0
L 46.6540088 44.19500686 46.6540088 44.49500626 0 P 0
L 46.6540088 49.19500702 46.6540088 49.49500642 0 P 0
L 46.6540088 64.1950075 46.6540088 64.4950069 0 P 0
L 46.6540088 69.19500766 46.6540088 69.49500706 0 P 0
L 46.6540088 74.19500782 46.6540088 74.49500722 0 P 0
L 46.6540088 79.19500798 46.6540088 79.49500738 0 P 0
L 46.70000058 10.05000022 46.70000058 10.34999962 0 P 0
L 46.70000058 13.1499991 46.70000058 13.4499985 0 P 0
L 46.75000048 75.39999906 47.04999988 75.39999906 0 P 0
L 46.90000018 75.24999936 46.90000018 75.54999876 0 P 0
L 47.95499934 71.4199994 49.0449997 71.4199994 0 P 0
L 47.95499934 73.9599994 49.0449997 73.9599994 0 P 0
L 47.95499934 76.4999994 49.0449997 76.4999994 0 P 0
L 47.95499934 81.5799994 49.0449997 81.5799994 0 P 0
L 48.49999952 70.87499922 48.49999952 71.96499958 0 P 0
L 48.49999952 73.41499922 48.49999952 74.50499958 0 P 0
L 48.49999952 75.95499922 48.49999952 77.04499958 0 P 0
L 48.49999952 81.03499922 48.49999952 82.12499958 0 P 0
L 48.54999942 18.39999876 48.84999882 18.39999876 0 P 0
L 48.69999912 18.24999906 48.69999912 18.54999846 0 P 0
L 48.95000116 13.2999988 49.25000056 13.2999988 0 P 0
L 49.10000086 13.1499991 49.10000086 13.4499985 0 P 0
L 49.25000056 79.80000042 49.54999996 79.80000042 0 P 0
L 49.40000026 79.65000072 49.40000026 79.95000012 0 P 0
L 49.74999956 13.2999988 50.04999896 13.2999988 0 P 0
L 49.89999926 13.1499991 49.89999926 13.4499985 0 P 0
L 49.94999916 22.30000112 50.24999856 22.30000112 0 P 0
L 50.09999886 22.15000142 50.09999886 22.45000082 0 P 0
L 50.58706926 5.29999956 50.88706866 5.29999956 0 P 0
L 50.6500003 27.50000088 50.9499997 27.50000088 0 P 0
L 50.73706896 5.14999986 50.73706896 5.44999926 0 P 0
L 50.8 27.35000118 50.8 27.65000058 0 P 0
L 51.2499991 3.80000002 51.5499985 3.80000002 0 P 0
L 51.2499991 6.6999993 51.5499985 6.6999993 0 P 0
L 51.3999988 3.65000032 51.3999988 3.94999972 0 P 0
L 51.3999988 6.5499996 51.3999988 6.849999 0 P 0
L 51.50400926 29.34500608 51.80400866 29.34500608 0 P 0
L 51.50400926 34.34500624 51.80400866 34.34500624 0 P 0
L 51.50400926 39.3450064 51.80400866 39.3450064 0 P 0
L 51.50400926 44.34500656 51.80400866 44.34500656 0 P 0
L 51.50400926 49.34500672 51.80400866 49.34500672 0 P 0
L 51.50400926 54.34500688 51.80400866 54.34500688 0 P 0
L 51.50400926 64.3450072 51.80400866 64.3450072 0 P 0
L 51.50400926 69.34500736 51.80400866 69.34500736 0 P 0
L 51.65400896 29.19500638 51.65400896 29.49500578 0 P 0
L 51.65400896 34.19500654 51.65400896 34.49500594 0 P 0
L 51.65400896 39.1950067 51.65400896 39.4950061 0 P 0
L 51.65400896 44.19500686 51.65400896 44.49500626 0 P 0
L 51.65400896 49.19500702 51.65400896 49.49500642 0 P 0
L 51.65400896 54.19500718 51.65400896 54.49500658 0 P 0
L 51.65400896 64.1950075 51.65400896 64.4950069 0 P 0
L 51.65400896 69.19500766 51.65400896 69.49500706 0 P 0
L 51.75000064 18.39999876 52.05000004 18.39999876 0 P 0
L 51.75000064 21.50000018 52.05000004 21.50000018 0 P 0
L 51.90000034 18.24999906 51.90000034 18.54999846 0 P 0
L 51.90000034 21.35000048 51.90000034 21.64999988 0 P 0
L 52.14999984 10.19999992 52.44999924 10.19999992 0 P 0
L 52.14999984 13.2999988 52.44999924 13.2999988 0 P 0
L 52.24999964 83.89999984 52.54999904 83.89999984 0 P 0
L 52.24999964 86.96789312 52.54999904 86.96789312 0 P 0
L 52.29999954 10.05000022 52.29999954 10.34999962 0 P 0
L 52.29999954 13.1499991 52.29999954 13.4499985 0 P 0
L 52.39999934 83.75000014 52.39999934 84.04999954 0 P 0
L 52.39999934 86.81789342 52.39999934 87.11789282 0 P 0
L 52.44999924 79.80000042 52.74999864 79.80000042 0 P 0
L 52.59999894 79.65000072 52.59999894 79.95000012 0 P 0
L 52.65000138 3.80000002 52.95000078 3.80000002 0 P 0
L 52.65000138 6.7999991 52.95000078 6.7999991 0 P 0
L 52.80000108 3.65000032 52.80000108 3.94999972 0 P 0
L 52.80000108 6.6499994 52.80000108 6.9499988 0 P 0
L 52.95000078 10.19999992 53.25000018 10.19999992 0 P 0
L 52.95000078 13.2999988 53.25000018 13.2999988 0 P 0
L 53.10000048 10.05000022 53.10000048 10.34999962 0 P 0
L 53.10000048 13.1499991 53.10000048 13.4499985 0 P 0
L 53.31000006 86.96789312 53.60999946 86.96789312 0 P 0
L 53.45999976 86.81789342 53.45999976 87.11789282 0 P 0
L 54.0249999 85.42499806 54.47499646 85.42499806 0 P 0
L 54.0249999 88.62499928 54.47499646 88.62499928 0 P 0
L 54.15000092 3.80000002 54.45000032 3.80000002 0 P 0
L 54.15000092 6.7999991 54.45000032 6.7999991 0 P 0
L 54.15000092 18.39999876 54.45000032 18.39999876 0 P 0
L 54.15000092 21.50000018 54.45000032 21.50000018 0 P 0
L 54.24999818 85.19999978 54.24999818 85.64999634 0 P 0
L 54.24999818 88.400001 54.24999818 88.84999756 0 P 0
L 54.30000062 3.65000032 54.30000062 3.94999972 0 P 0
L 54.30000062 6.6499994 54.30000062 6.9499988 0 P 0
L 54.30000062 18.24999906 54.30000062 18.54999846 0 P 0
L 54.30000062 21.35000048 54.30000062 21.64999988 0 P 0
L 54.35000052 80.19999962 54.64999992 80.19999962 0 P 0
L 54.50000022 80.04999992 54.50000022 80.34999932 0 P 0
L 54.70780016 5.26048224 55.00779956 5.26048224 0 P 0
L 54.85779986 5.11048254 54.85779986 5.41048194 0 P 0
L 55.02000172 72.99999878 55.88 72.99999878 0 P 0
L 55.02000172 74.99999986 55.88 74.99999986 0 P 0
L 55.24957454 84.47499996 55.54957394 84.47499996 0 P 0
L 55.35000106 13.2999988 55.65000046 13.2999988 0 P 0
L 55.39957424 84.32500026 55.39957424 84.62499966 0 P 0
L 55.45000086 72.56999964 55.45000086 73.42999792 0 P 0
L 55.45000086 74.57000072 55.45000086 75.429999 0 P 0
L 55.50000076 13.1499991 55.50000076 13.4499985 0 P 0
L 55.75000026 81.25087128 56.04999966 81.25087128 0 P 0
L 55.89999996 81.10087158 55.89999996 81.40087098 0 P 0
L 55.94999986 86.49999972 56.24999926 86.49999972 0 P 0
L 56.09999956 86.35000002 56.09999956 86.64999942 0 P 0
L 56.4500014 9.49999878 56.7500008 9.49999878 0 P 0
L 56.50400942 4.34500528 56.80400882 4.34500528 0 P 0
L 56.50400942 14.3450056 56.80400882 14.3450056 0 P 0
L 56.50400942 29.34500608 56.80400882 29.34500608 0 P 0
L 56.50400942 34.34500624 56.80400882 34.34500624 0 P 0
L 56.50400942 39.3450064 56.80400882 39.3450064 0 P 0
L 56.50400942 44.34500656 56.80400882 44.34500656 0 P 0
L 56.50400942 49.34500672 56.80400882 49.34500672 0 P 0
L 56.50400942 54.34500688 56.80400882 54.34500688 0 P 0
L 56.50400942 59.34500704 56.80400882 59.34500704 0 P 0
L 56.6000011 9.34999908 56.6000011 9.64999848 0 P 0
L 56.65400912 4.19500558 56.65400912 4.49500498 0 P 0
L 56.65400912 14.1950059 56.65400912 14.4950053 0 P 0
L 56.65400912 29.19500638 56.65400912 29.49500578 0 P 0
L 56.65400912 34.19500654 56.65400912 34.49500594 0 P 0
L 56.65400912 39.1950067 56.65400912 39.4950061 0 P 0
L 56.65400912 44.19500686 56.65400912 44.49500626 0 P 0
L 56.65400912 49.19500702 56.65400912 49.49500642 0 P 0
L 56.65400912 54.19500718 56.65400912 54.49500658 0 P 0
L 56.65400912 59.19500734 56.65400912 59.49500674 0 P 0
L 57.71770524 84.32499772 58.01770464 84.32499772 0 P 0
L 57.86770494 84.17499802 57.86770494 84.47499742 0 P 0
L 58.15000054 18.39999876 58.44999994 18.39999876 0 P 0
L 58.28610644 83.62000802 58.58610584 83.62000802 0 P 0
L 58.30000024 18.24999906 58.30000024 18.54999846 0 P 0
L 58.43610614 83.47000832 58.43610614 83.77000772 0 P 0
L 58.68566368 87.0792645 58.98566308 87.0792645 0 P 0
L 58.7837915 66.00050808 59.83379194 66.00050808 0 P 0
L 58.83566338 86.9292648 58.83566338 87.2292642 0 P 0
L 59.24120232 15.90007488 60.35880232 15.90007488 0 P 0
L 59.30879172 65.47550786 59.30879172 66.5255083 0 P 0
L 59.58610892 83.50127572 59.88610832 83.50127572 0 P 0
L 59.73610862 83.35127602 59.73610862 83.65127542 0 P 0
L 59.80000232 15.34127488 59.80000232 16.45887488 0 P 0
L 60.90000012 2.99999908 63.1000008 2.99999908 0 P 0
L 60.90000012 74.99999986 63.1000008 74.99999986 0 P 0
L 61.04999982 22.30000112 61.34999922 22.30000112 0 P 0
L 61.19999952 22.15000142 61.19999952 22.45000082 0 P 0
L 61.50400958 9.34500544 61.80400898 9.34500544 0 P 0
L 61.50400958 19.34500576 61.80400898 19.34500576 0 P 0
L 61.50400958 24.34500592 61.80400898 24.34500592 0 P 0
L 61.50400958 29.34500608 61.80400898 29.34500608 0 P 0
L 61.50400958 34.34500624 61.80400898 34.34500624 0 P 0
L 61.50400958 39.3450064 61.80400898 39.3450064 0 P 0
L 61.50400958 44.34500656 61.80400898 44.34500656 0 P 0
L 61.50400958 49.34500672 61.80400898 49.34500672 0 P 0
L 61.50400958 54.34500688 61.80400898 54.34500688 0 P 0
L 61.50400958 59.34500704 61.80400898 59.34500704 0 P 0
L 61.50400958 69.34500736 61.80400898 69.34500736 0 P 0
L 61.513212 81.8313451 61.8132114 81.8313451 0 P 0
L 61.65400928 9.19500574 61.65400928 9.49500514 0 P 0
L 61.65400928 19.19500606 61.65400928 19.49500546 0 P 0
L 61.65400928 24.19500622 61.65400928 24.49500562 0 P 0
L 61.65400928 29.19500638 61.65400928 29.49500578 0 P 0
L 61.65400928 34.19500654 61.65400928 34.49500594 0 P 0
L 61.65400928 39.1950067 61.65400928 39.4950061 0 P 0
L 61.65400928 44.19500686 61.65400928 44.49500626 0 P 0
L 61.65400928 49.19500702 61.65400928 49.49500642 0 P 0
L 61.65400928 54.19500718 61.65400928 54.49500658 0 P 0
L 61.65400928 59.19500734 61.65400928 59.49500674 0 P 0
L 61.65400928 69.19500766 61.65400928 69.49500706 0 P 0
L 61.65499988 87.37499924 61.95499928 87.37499924 0 P 0
L 61.6632117 81.6813454 61.6632117 81.9813448 0 P 0
L 61.80499958 87.22499954 61.80499958 87.52499894 0 P 0
L 61.83947246 84.47499996 62.13947186 84.47499996 0 P 0
L 61.98947216 84.32500026 61.98947216 84.62499966 0 P 0
L 62.00000046 1.89999874 62.00000046 4.09999942 0 P 0
L 62.00000046 73.89999952 62.00000046 76.1000002 0 P 0
L 62.31338566 79.5925764 62.61338506 79.5925764 0 P 0
L 62.34999976 80.60000136 62.64999916 80.60000136 0 P 0
L 62.34999976 81.5000021 62.64999916 81.5000021 0 P 0
L 62.46338536 79.4425767 62.46338536 79.7425761 0 P 0
L 62.49999946 80.45000166 62.49999946 80.75000106 0 P 0
L 62.49999946 81.3500024 62.49999946 81.6500018 0 P 0
L 62.92500242 85.42499806 63.37499898 85.42499806 0 P 0
L 62.92500242 88.62499928 63.37499898 88.62499928 0 P 0
L 63.1500007 85.19999978 63.1500007 85.64999634 0 P 0
L 63.1500007 88.400001 63.1500007 88.84999756 0 P 0
