UNITS=MM
#Layer_Color=6049555
#
#Feature symbol names
#
$0 r49.9999
$1 r199.9996

#
#Feature attribute names
#

#
#Layer features
#
L 15.00000048 83.75000014 15.00000048 85.24999968 1 P 0
L 15.00000048 83.75000014 15.24999998 83.75000014 1 P 0
L 15.00000048 85.24999968 15.00000048 86.24999768 1 P 0
L 15.00000048 86.24999768 15.75000152 86.99999872 1 P 0
L 15.24999998 76.2499999 15.24999998 83.75000014 1 P 0
L 15.24999998 76.2499999 17.50000056 76.2499999 1 P 0
L 15.75000152 86.99999872 15.75000152 90.49999934 1 P 0
L 15.75000152 90.49999934 16.75000206 90.49999934 1 P 0
L 16.75000206 90.49999934 16.75000206 95.9999985 1 P 0
L 16.75000206 95.9999985 18.5000011 95.9999985 1 P 0
L 17.00000156 76.4999994 18.5000011 76.4999994 1 P 0
L 17.25000106 70.7499982 17.25000106 71.99999824 1 P 0
L 17.25000106 70.7499982 17.99999956 69.9999997 1 P 0
L 17.25000106 71.99999824 17.50000056 72.24999774 1 P 0
L 17.50000056 72.24999774 17.50000056 76.2499999 1 P 0
L 17.99999956 69.9999997 18.5000011 69.9999997 1 P 0
L 18.5000011 69.9999997 19.00000264 69.9999997 1 P 0
L 18.5000011 74.99999986 18.5000011 76.4999994 1 P 0
L 18.5000011 76.4999994 18.5000011 77.99999894 1 P 0
L 18.5000011 76.4999994 20.00000064 76.4999994 1 P 0
L 18.5000011 95.9999985 20.25000014 95.9999985 1 P 0
L 19.00000264 69.9999997 19.75000114 70.7499982 1 P 0
L 19.50000164 72.24999774 19.50000164 76.2499999 1 P 0
L 19.50000164 72.24999774 19.75000114 71.99999824 1 P 0
L 19.50000164 76.2499999 21.75000222 76.2499999 1 P 0
L 19.75000114 70.7499982 19.75000114 71.99999824 1 P 0
L 20.25000014 90.49999934 20.25000014 95.9999985 1 P 0
L 20.25000014 90.49999934 21.25000068 90.49999934 1 P 0
L 21.25000068 86.99999872 21.25000068 90.49999934 1 P 0
L 21.25000068 86.99999872 22.00000172 86.24999768 1 P 0
L 21.75000222 76.2499999 21.75000222 83.75000014 1 P 0
L 21.75000222 83.75000014 22.00000172 83.75000014 1 P 0
L 22.00000172 83.75000014 22.00000172 85.24999968 1 P 0
L 22.00000172 85.24999968 22.00000172 86.24999768 1 P 0
L 23.50000126 83.74999506 23.50000126 85.2499946 1 P 0
L 23.50000126 83.74999506 23.75000076 83.74999506 1 P 0
L 23.50000126 85.2499946 23.50000126 86.2499926 1 P 0
L 23.50000126 86.2499926 24.2500023 86.99999364 1 P 0
L 23.75000076 76.24999482 23.75000076 83.74999506 1 P 0
L 23.75000076 76.24999482 26.00000134 76.24999482 1 P 0
L 24.2500023 86.99999364 24.2500023 90.49999426 1 P 0
L 24.2500023 90.49999426 25.25000284 90.49999426 1 P 0
L 25.25000284 90.49999426 25.25000284 95.99999342 1 P 0
L 25.25000284 95.99999342 27.00000188 95.99999342 1 P 0
L 25.50000234 76.49999432 27.00000188 76.49999432 1 P 0
L 25.75000184 70.74999312 25.75000184 71.99999316 1 P 0
L 25.75000184 70.74999312 26.50000034 69.99999462 1 P 0
L 25.75000184 71.99999316 26.00000134 72.24999266 1 P 0
L 26.00000134 72.24999266 26.00000134 76.24999482 1 P 0
L 26.50000034 69.99999462 27.00000188 69.99999462 1 P 0
L 27.00000188 69.99999462 27.50000342 69.99999462 1 P 0
L 27.00000188 74.99999478 27.00000188 76.49999432 1 P 0
L 27.00000188 76.49999432 27.00000188 77.99999386 1 P 0
L 27.00000188 76.49999432 28.50000142 76.49999432 1 P 0
L 27.00000188 95.99999342 28.75000092 95.99999342 1 P 0
L 27.50000342 69.99999462 28.25000192 70.74999312 1 P 0
L 28.00000242 72.24999266 28.00000242 76.24999482 1 P 0
L 28.00000242 72.24999266 28.25000192 71.99999316 1 P 0
L 28.00000242 76.24999482 30.250003 76.24999482 1 P 0
L 28.25000192 70.74999312 28.25000192 71.99999316 1 P 0
L 28.75000092 90.49999426 28.75000092 95.99999342 1 P 0
L 28.75000092 90.49999426 29.75000146 90.49999426 1 P 0
L 29.75000146 86.99999364 29.75000146 90.49999426 1 P 0
L 29.75000146 86.99999364 30.5000025 86.2499926 1 P 0
L 30.250003 76.24999482 30.250003 83.74999506 1 P 0
L 30.250003 83.74999506 30.5000025 83.74999506 1 P 0
L 30.5000025 83.74999506 30.5000025 85.2499946 1 P 0
L 30.5000025 85.2499946 30.5000025 86.2499926 1 P 0
L 36.49999304 83.74999506 36.49999304 85.2499946 1 P 0
L 36.49999304 83.74999506 36.74999254 83.74999506 1 P 0
L 36.49999304 85.2499946 36.49999304 86.2499926 1 P 0
L 36.49999304 86.2499926 37.24999408 86.99999364 1 P 0
L 36.74999254 76.24999482 36.74999254 83.74999506 1 P 0
L 36.74999254 76.24999482 38.99999312 76.24999482 1 P 0
L 37.24999408 86.99999364 37.24999408 90.49999426 1 P 0
L 37.24999408 90.49999426 38.24999462 90.49999426 1 P 0
L 38.24999462 90.49999426 38.24999462 95.99999342 1 P 0
L 38.24999462 95.99999342 39.99999366 95.99999342 1 P 0
L 38.49999412 76.49999432 39.99999366 76.49999432 1 P 0
L 38.74999362 70.74999312 38.74999362 71.99999316 1 P 0
L 38.74999362 70.74999312 39.49999212 69.99999462 1 P 0
L 38.74999362 71.99999316 38.99999312 72.24999266 1 P 0
L 38.99999312 72.24999266 38.99999312 76.24999482 1 P 0
L 39.49999212 69.99999462 39.99999366 69.99999462 1 P 0
L 39.99999366 69.99999462 40.4999952 69.99999462 1 P 0
L 39.99999366 74.99999478 39.99999366 76.49999432 1 P 0
L 39.99999366 76.49999432 39.99999366 77.99999386 1 P 0
L 39.99999366 76.49999432 41.4999932 76.49999432 1 P 0
L 39.99999366 95.99999342 41.7499927 95.99999342 1 P 0
L 40.4999952 69.99999462 41.2499937 70.74999312 1 P 0
L 40.9999942 72.24999266 40.9999942 76.24999482 1 P 0
L 40.9999942 72.24999266 41.2499937 71.99999316 1 P 0
L 40.9999942 76.24999482 43.24999478 76.24999482 1 P 0
L 41.2499937 70.74999312 41.2499937 71.99999316 1 P 0
L 41.7499927 90.49999426 41.7499927 95.99999342 1 P 0
L 41.7499927 90.49999426 42.74999324 90.49999426 1 P 0
L 42.74999324 86.99999364 42.74999324 90.49999426 1 P 0
L 42.74999324 86.99999364 43.49999428 86.2499926 1 P 0
L 43.24999478 76.24999482 43.24999478 83.74999506 1 P 0
L 43.24999478 83.74999506 43.49999428 83.74999506 1 P 0
L 43.49999428 83.74999506 43.49999428 85.2499946 1 P 0
L 43.49999428 85.2499946 43.49999428 86.2499926 1 P 0
L 44.9999989 83.50000064 44.9999989 85.99999818 1 P 0
L 44.9999989 83.50000064 45.50000044 83.50000064 1 P 0
L 44.9999989 85.99999818 46.24999894 87.24999822 1 P 0
L 45.50000044 75.74999836 45.50000044 83.50000064 1 P 0
L 45.50000044 75.74999836 47.24999948 75.74999836 1 P 0
L 46.24999894 87.24999822 46.24999894 90.24999984 1 P 0
L 46.24999894 90.24999984 48.49999952 90.24999984 1 P 0
L 47.24999948 70.4999987 47.24999948 75.74999836 1 P 0
L 47.24999948 70.4999987 47.49999898 70.2499992 1 P 0
L 47.49999898 70.2499992 48.49999952 70.2499992 1 P 0
L 47.49999898 76.4999994 48.49999952 76.4999994 1 P 0
L 48.49999952 70.2499992 49.50000006 70.2499992 1 P 0
L 48.49999952 75.49999886 48.49999952 76.4999994 1 P 0
L 48.49999952 76.4999994 48.49999952 77.49999994 1 P 0
L 48.49999952 76.4999994 49.50000006 76.4999994 1 P 0
L 48.49999952 90.24999984 50.7500001 90.24999984 1 P 0
L 49.50000006 70.2499992 49.74999956 70.4999987 1 P 0
L 49.74999956 70.4999987 49.74999956 75.74999836 1 P 0
L 49.74999956 75.74999836 51.4999986 75.74999836 1 P 0
L 50.7500001 87.24999822 50.7500001 90.24999984 1 P 0
L 50.7500001 87.24999822 52.00000014 85.99999818 1 P 0
L 51.4999986 75.74999836 51.4999986 83.50000064 1 P 0
L 51.4999986 83.50000064 52.00000014 83.50000064 1 P 0
L 52.00000014 83.50000064 52.00000014 85.99999818 1 P 0
L 53.49999968 70.7999981 53.49999968 77.20000054 0 P 0
L 53.49999968 70.7999981 58.49999984 70.7999981 0 P 0
L 53.49999968 77.20000054 58.49999984 77.20000054 0 P 0
L 58.49999984 70.7999981 58.49999984 77.20000054 0 P 0
