UNITS=MM
#Layer_Color=32768
#
#Feature symbol names
#
$0 r99.9998
$1 r149.9997
$2 r49.9999
$3 r199.9996
$4 r152.4
$5 r152.00122

#
#Feature attribute names
#

#
#Layer features
#
A 7.60000004 29.5099994 7.60000004 29.5099994 5.09999996 29.5099994 0 P 0 N
A 7.60000004 53.07000054 7.60000004 53.07000054 5.09999996 53.07000054 0 P 0 N
A 30.69999956 29.5099994 30.69999956 29.5099994 28.19999948 29.5099994 0 P 0 N
A 30.69999956 53.07000054 30.69999956 53.07000054 28.19999948 53.07000054 0 P 0 N
L 0.0499999 10.82500248 0.0499999 24.52500048 2 P 0
L 0.0499999 10.82500248 17.15000126 10.82500248 2 P 0
L 0.0499999 24.52500048 17.15000126 24.52500048 2 P 0
L 2.75000212 26.99999934 2.75000212 55.99999976 0 P 0
L 2.75000212 26.99999934 16.00000102 26.99999934 0 P 0
L 2.75000212 55.99999976 30.49999996 55.99999976 0 P 0
L 3.60000042 29.5099994 5.09999996 29.5099994 0 P 0
L 3.60000042 53.07000054 5.09999996 53.07000054 0 P 0
L 3.75000012 7.03831714 3.75000012 8.03831768 0 P 0
L 3.75000012 7.03831714 5.49999916 7.03831714 0 P 0
L 3.75000012 8.03831768 3.75000012 9.03831822 0 P 0
L 3.75000012 9.03831822 5.49999916 9.03831822 0 P 0
L 4.74999812 8.03831768 5.49999916 8.03831768 0 P 0
L 5.09999996 28.00999986 5.09999996 29.5099994 0 P 0
L 5.09999996 29.5099994 5.09999996 31.00999894 0 P 0
L 5.09999996 29.5099994 6.5999995 29.5099994 0 P 0
L 5.09999996 51.570001 5.09999996 53.07000054 0 P 0
L 5.09999996 53.07000054 5.09999996 54.57000008 0 P 0
L 5.09999996 53.07000054 6.5999995 53.07000054 0 P 0
L 5.49999916 7.03831714 7.2499982 7.03831714 0 P 0
L 5.49999916 7.28831664 5.49999916 8.03831768 0 P 0
L 5.49999916 8.03831768 5.49999916 8.78831872 0 P 0
L 5.49999916 8.03831768 6.2500002 8.03831768 0 P 0
L 5.49999916 9.03831822 7.2499982 9.03831822 0 P 0
L 6.24219986 3.59350056 6.24219986 6.00650056 4 P 0
L 6.24219986 3.59350056 7.09309986 3.59350056 4 P 0
L 6.24219986 6.00650056 7.09309986 6.00650056 4 P 0
L 6.4511682 9.06425162 6.4511682 10.06425216 0 P 0
L 6.4511682 9.06425162 8.20116724 9.06425162 0 P 0
L 6.4511682 10.06425216 6.4511682 11.0642527 0 P 0
L 6.4511682 11.0642527 8.20116724 11.0642527 0 P 0
L 7.09309986 0.39310056 7.09309986 3.59350056 4 P 0
L 7.09309986 0.39310056 15.90689986 0.39310056 4 P 0
L 7.09309986 6.00650056 7.09309986 9.20690056 4 P 0
L 7.09309986 9.20690056 15.90689986 9.20690056 4 P 0
L 7.2499982 7.03831714 7.2499982 8.03831768 0 P 0
L 7.2499982 8.03831768 7.2499982 9.03831822 0 P 0
L 7.4511662 10.06425216 8.20116724 10.06425216 0 P 0
L 8.20116724 9.06425162 9.95116628 9.06425162 0 P 0
L 8.20116724 9.31425112 8.20116724 10.06425216 0 P 0
L 8.20116724 10.06425216 8.20116724 10.8142532 0 P 0
L 8.20116724 10.06425216 8.95116828 10.06425216 0 P 0
L 8.20116724 11.0642527 9.95116628 11.0642527 0 P 0
L 9.65000102 9.09999958 9.65000102 11.10000066 0 P 0
L 9.65000102 9.09999958 13.1499991 9.09999958 0 P 0
L 9.65000102 11.10000066 11.40000006 11.10000066 0 P 0
L 9.74220556 60.79350046 9.74220556 63.20650046 4 P 0
L 9.74220556 60.79350046 10.59310556 60.79350046 4 P 0
L 9.74220556 63.20650046 10.59310556 63.20650046 4 P 0
L 9.95116628 9.06425162 9.95116628 10.06425216 0 P 0
L 9.95116628 10.06425216 9.95116628 11.0642527 0 P 0
L 10.00000032 4.80000056 11.49999986 4.80000056 5 P 0
L 10.59310556 57.59310046 10.59310556 60.79350046 4 P 0
L 10.59310556 57.59310046 19.40690556 57.59310046 4 P 0
L 10.59310556 63.20650046 10.59310556 66.40690046 4 P 0
L 10.59310556 66.40690046 19.40690556 66.40690046 4 P 0
L 10.64999902 10.10000012 11.40000006 10.10000012 0 P 0
L 11.40000006 9.34999908 11.40000006 10.10000012 0 P 0
L 11.40000006 10.10000012 11.40000006 10.85000116 0 P 0
L 11.40000006 10.10000012 12.1500011 10.10000012 0 P 0
L 11.40000006 11.10000066 13.1499991 11.10000066 0 P 0
L 11.49999986 3.30000102 11.49999986 4.80000056 5 P 0
L 11.49999986 4.80000056 11.49999986 6.3000001 5 P 0
L 11.49999986 4.80000056 12.9999994 4.80000056 5 P 0
L 11.7500019 40.99999928 16.00000102 40.99999928 0 P 0
L 12.75000244 55.6610393 12.75000244 56.66103984 0 P 0
L 12.75000244 55.6610393 14.50000148 55.6610393 0 P 0
L 12.75000244 56.66103984 12.75000244 57.66104038 0 P 0
L 12.75000244 57.66104038 14.50000148 57.66104038 0 P 0
L 13.1499991 9.09999958 13.1499991 11.10000066 0 P 0
L 13.25000144 8.99999978 13.25000144 10.00000032 0 P 0
L 13.25000144 8.99999978 15.00000048 8.99999978 0 P 0
L 13.25000144 10.00000032 13.25000144 11.00000086 0 P 0
L 13.25000144 11.00000086 15.00000048 11.00000086 0 P 0
L 13.50000602 62.00000046 15.00000556 62.00000046 5 P 0
L 13.75000044 56.66103984 14.50000148 56.66103984 0 P 0
L 14.24999944 10.00000032 15.00000048 10.00000032 0 P 0
L 14.50000148 55.6610393 16.25000052 55.6610393 0 P 0
L 14.50000148 55.9110388 14.50000148 56.66103984 0 P 0
L 14.50000148 56.66103984 14.50000148 57.41104088 0 P 0
L 14.50000148 56.66103984 15.25000252 56.66103984 0 P 0
L 14.50000148 57.66104038 16.25000052 57.66104038 0 P 0
L 14.90000068 72.05000068 14.90000068 75.54999876 0 P 0
L 14.90000068 72.05000068 16.90000176 72.05000068 0 P 0
L 14.90000068 75.54999876 16.90000176 75.54999876 0 P 0
L 15.00000048 8.99999978 16.74999952 8.99999978 0 P 0
L 15.00000048 9.24999928 15.00000048 10.00000032 0 P 0
L 15.00000048 10.00000032 15.00000048 10.75000136 0 P 0
L 15.00000048 10.00000032 15.75000152 10.00000032 0 P 0
L 15.00000048 11.00000086 16.74999952 11.00000086 0 P 0
L 15.00000556 60.50000092 15.00000556 62.00000046 5 P 0
L 15.00000556 62.00000046 15.00000556 63.5 5 P 0
L 15.00000556 62.00000046 16.5000051 62.00000046 5 P 0
L 15.15000018 73.79999972 15.90000122 73.79999972 0 P 0
L 15.90000122 73.04999868 15.90000122 73.79999972 0 P 0
L 15.90000122 73.79999972 15.90000122 74.55000076 0 P 0
L 15.90000122 73.79999972 16.65000226 73.79999972 0 P 0
L 15.90689986 0.39310056 15.90689986 3.59350056 4 P 0
L 15.90689986 3.59350056 16.75779986 3.59350056 4 P 0
L 15.90689986 6.00650056 15.90689986 9.20690056 4 P 0
L 15.90689986 6.00650056 16.75779986 6.00650056 4 P 0
L 16.00000102 26.99999934 30.49999996 26.99999934 0 P 0
L 16.00000102 36.75000016 16.00000102 40.99999928 0 P 0
L 16.00000102 40.99999928 16.00000102 45.2499984 0 P 0
L 16.00000102 40.99999928 20.25000014 40.99999928 0 P 0
L 16.25000052 55.6610393 16.25000052 56.66103984 0 P 0
L 16.25000052 56.66103984 16.25000052 57.66104038 0 P 0
L 16.74999952 8.99999978 16.74999952 10.00000032 0 P 0
L 16.74999952 10.00000032 16.74999952 11.00000086 0 P 0
L 16.75779986 3.59350056 16.75779986 6.00650056 4 P 0
L 16.90000176 72.05000068 16.90000176 73.79999972 0 P 0
L 16.90000176 73.79999972 16.90000176 75.54999876 0 P 0
L 17.09999882 11.14999802 17.09999882 15.24999998 2 P 0
L 17.09999882 11.14999802 19.4999991 11.14999802 2 P 0
L 17.09999882 15.24999998 19.4999991 15.24999998 2 P 0
L 17.15000126 10.82500248 17.15000126 24.52500048 2 P 0
L 17.25000106 9.59999858 17.25000106 10.59999912 0 P 0
L 17.25000106 9.59999858 19.0000001 9.59999858 0 P 0
L 17.25000106 10.59999912 17.25000106 11.59999966 0 P 0
L 17.25000106 11.59999966 19.0000001 11.59999966 0 P 0
L 17.25000106 14.90000068 17.25000106 15.90000122 0 P 0
L 17.25000106 14.90000068 19.0000001 14.90000068 0 P 0
L 17.25000106 15.90000122 17.25000106 16.90000176 0 P 0
L 17.25000106 16.90000176 19.0000001 16.90000176 0 P 0
L 17.65000026 18.69999816 17.65000026 19.6999987 0 P 0
L 17.65000026 18.69999816 19.3999993 18.69999816 0 P 0
L 17.65000026 19.6999987 17.65000026 20.69999924 0 P 0
L 17.65000026 20.69999924 17.65000026 21.69999978 0 P 0
L 17.65000026 20.69999924 19.3999993 20.69999924 0 P 0
L 17.65000026 20.69999924 19.3999993 20.69999924 0 P 0
L 17.65000026 21.69999978 17.65000026 22.70000032 0 P 0
L 17.65000026 22.70000032 19.3999993 22.70000032 0 P 0
L 18.24999906 10.59999912 19.0000001 10.59999912 0 P 0
L 18.24999906 15.90000122 19.0000001 15.90000122 0 P 0
L 18.64999826 19.6999987 19.3999993 19.6999987 0 P 0
L 18.64999826 21.69999978 19.3999993 21.69999978 0 P 0
L 19.0000001 9.59999858 20.74999914 9.59999858 0 P 0
L 19.0000001 9.84999808 19.0000001 10.59999912 0 P 0
L 19.0000001 10.59999912 19.0000001 11.35000016 0 P 0
L 19.0000001 10.59999912 19.75000114 10.59999912 0 P 0
L 19.0000001 11.59999966 20.74999914 11.59999966 0 P 0
L 19.0000001 14.90000068 20.74999914 14.90000068 0 P 0
L 19.0000001 15.15000018 19.0000001 15.90000122 0 P 0
L 19.0000001 15.90000122 19.0000001 16.65000226 0 P 0
L 19.0000001 15.90000122 19.75000114 15.90000122 0 P 0
L 19.0000001 16.90000176 20.74999914 16.90000176 0 P 0
L 19.3999993 18.69999816 21.14999834 18.69999816 0 P 0
L 19.3999993 18.94999766 19.3999993 19.6999987 0 P 0
L 19.3999993 19.6999987 19.3999993 20.44999974 0 P 0
L 19.3999993 19.6999987 20.15000034 19.6999987 0 P 0
L 19.3999993 20.69999924 21.14999834 20.69999924 0 P 0
L 19.3999993 20.69999924 21.14999834 20.69999924 0 P 0
L 19.3999993 20.94999874 19.3999993 21.69999978 0 P 0
L 19.3999993 21.69999978 19.3999993 22.45000082 0 P 0
L 19.3999993 21.69999978 20.15000034 21.69999978 0 P 0
L 19.3999993 22.70000032 21.14999834 22.70000032 0 P 0
L 19.40690556 57.59310046 19.40690556 60.79350046 4 P 0
L 19.40690556 60.79350046 20.25780556 60.79350046 4 P 0
L 19.40690556 63.20650046 19.40690556 66.40690046 4 P 0
L 19.40690556 63.20650046 20.25780556 63.20650046 4 P 0
L 19.4999991 11.14999802 19.4999991 15.24999998 2 P 0
L 19.4999991 11.54999976 19.4999991 15.04999784 0 P 0
L 19.4999991 11.54999976 21.50000018 11.54999976 0 P 0
L 19.4999991 15.04999784 21.50000018 15.04999784 0 P 0
L 19.7499986 13.2999988 20.49999964 13.2999988 0 P 0
L 19.75000622 63.2500005 19.75000622 68.74999966 0 P 0
L 19.75000622 63.2500005 22.2500063 63.2500005 0 P 0
L 19.75000622 68.74999966 22.2500063 68.74999966 0 P 0
L 20.25000522 66.00000008 21.00000626 66.00000008 0 P 0
L 20.25780556 60.79350046 20.25780556 63.20650046 4 P 0
L 20.49999964 12.54999776 20.49999964 13.2999988 0 P 0
L 20.49999964 13.2999988 20.49999964 14.04999984 0 P 0
L 20.49999964 13.2999988 21.25000068 13.2999988 0 P 0
L 20.50000726 58.20000044 20.50000726 59.94999948 0 P 0
L 20.50000726 58.20000044 21.5000078 58.20000044 0 P 0
L 20.50000726 59.94999948 20.50000726 61.69999852 0 P 0
L 20.50000726 61.69999852 21.5000078 61.69999852 0 P 0
L 20.74999914 9.59999858 20.74999914 10.59999912 0 P 0
L 20.74999914 10.59999912 20.74999914 11.59999966 0 P 0
L 20.74999914 14.90000068 20.74999914 15.90000122 0 P 0
L 20.74999914 15.90000122 20.74999914 16.90000176 0 P 0
L 20.75000676 59.94999948 21.5000078 59.94999948 0 P 0
L 21.00000626 65.24999904 21.00000626 66.00000008 0 P 0
L 21.00000626 66.00000008 21.00000626 66.75000112 0 P 0
L 21.00000626 66.00000008 21.7500073 66.00000008 0 P 0
L 21.14999834 18.69999816 21.14999834 19.6999987 0 P 0
L 21.14999834 19.6999987 21.14999834 20.69999924 0 P 0
L 21.14999834 20.69999924 21.14999834 21.69999978 0 P 0
L 21.14999834 21.69999978 21.14999834 22.70000032 0 P 0
L 21.25000068 16.50000002 21.25000068 18.5000011 0 P 0
L 21.25000068 16.50000002 22.99999972 16.50000002 0 P 0
L 21.25000068 18.49999856 21.25000068 20.49999964 0 P 0
L 21.25000068 18.49999856 22.99999972 18.49999856 0 P 0
L 21.25000068 18.5000011 24.74999876 18.5000011 0 P 0
L 21.25000068 20.49999964 21.25000068 22.50000072 0 P 0
L 21.25000068 20.49999964 24.74999876 20.49999964 0 P 0
L 21.25000068 20.49999964 24.74999876 20.49999964 0 P 0
L 21.25000068 22.50000072 22.99999972 22.50000072 0 P 0
L 21.50000018 11.54999976 21.50000018 13.2999988 0 P 0
L 21.50000018 13.2999988 21.50000018 15.04999784 0 P 0
L 21.5000078 58.20000044 22.50000834 58.20000044 0 P 0
L 21.5000078 59.19999844 21.5000078 59.94999948 0 P 0
L 21.5000078 59.94999948 21.5000078 60.70000052 0 P 0
L 21.5000078 59.94999948 22.25000884 59.94999948 0 P 0
L 21.5000078 61.69999852 22.50000834 61.69999852 0 P 0
L 22.20001402 4.25000166 22.20001402 7.74999974 0 P 0
L 22.20001402 4.25000166 24.2000151 4.25000166 0 P 0
L 22.20001402 7.74999974 24.2000151 7.74999974 0 P 0
L 22.24999868 17.50000056 22.99999972 17.50000056 0 P 0
L 22.24999868 19.4999991 22.99999972 19.4999991 0 P 0
L 22.24999868 21.50000018 22.99999972 21.50000018 0 P 0
L 22.25000376 62.99999846 22.25000376 64.99999954 0 P 0
L 22.25000376 62.99999846 24.50000434 62.99999846 0 P 0
L 22.25000376 64.99999954 22.25000376 67.00000062 0 P 0
L 22.25000376 67.00000062 24.50000434 67.00000062 0 P 0
L 22.2500063 63.2500005 22.2500063 66.00000008 0 P 0
L 22.2500063 66.00000008 22.2500063 68.74999966 0 P 0
L 22.2500063 67.00000062 22.2500063 69.0000017 0 P 0
L 22.2500063 67.00000062 24.00000534 67.00000062 0 P 0
L 22.2500063 69.0000017 25.75000438 69.0000017 0 P 0
L 22.45001352 6.0000007 23.20001456 6.0000007 0 P 0
L 22.49999818 10.82985134 22.49999818 13.07985192 0 P 0
L 22.49999818 10.82985134 24.49999926 10.82985134 0 P 0
L 22.49999818 13.07985192 22.49999818 15.3298525 0 P 0
L 22.49999818 15.3298525 24.49999926 15.3298525 0 P 0
L 22.50000834 58.20000044 22.50000834 59.94999948 0 P 0
L 22.50000834 59.94999948 22.50000834 61.69999852 0 P 0
L 22.75000022 8.57985076 22.75000022 10.57985184 0 P 0
L 22.75000022 8.57985076 24.49999926 8.57985076 0 P 0
L 22.75000022 10.57985184 26.2499983 10.57985184 0 P 0
L 22.75000784 58.74999934 22.75000784 60.24999888 0 P 0
L 22.75000784 58.74999934 24.50000688 58.74999934 0 P 0
L 22.75000784 60.24999888 22.75000784 61.74999842 0 P 0
L 22.75000784 61.74999842 24.50000688 61.74999842 0 P 0
L 22.99999972 16.50000002 24.74999876 16.50000002 0 P 0
L 22.99999972 16.74999952 22.99999972 17.50000056 0 P 0
L 22.99999972 17.50000056 22.99999972 18.2500016 0 P 0
L 22.99999972 17.50000056 23.75000076 17.50000056 0 P 0
L 22.99999972 18.49999856 24.74999876 18.49999856 0 P 0
L 22.99999972 18.74999806 22.99999972 19.4999991 0 P 0
L 22.99999972 19.4999991 22.99999972 20.25000014 0 P 0
L 22.99999972 19.4999991 23.75000076 19.4999991 0 P 0
L 22.99999972 20.74999914 22.99999972 21.50000018 0 P 0
L 22.99999972 21.50000018 22.99999972 22.25000122 0 P 0
L 22.99999972 21.50000018 23.75000076 21.50000018 0 P 0
L 22.99999972 22.50000072 24.74999876 22.50000072 0 P 0
L 23.20001456 5.24999966 23.20001456 6.0000007 0 P 0
L 23.20001456 6.0000007 23.20001456 6.75000174 0 P 0
L 23.20001456 6.0000007 23.9500156 6.0000007 0 P 0
L 23.2500043 68.00000116 24.00000534 68.00000116 0 P 0
L 23.49999872 13.07985192 24.49999926 13.07985192 0 P 0
L 23.5000038 64.99999954 24.50000434 64.99999954 0 P 0
L 23.74999822 9.5798513 24.49999926 9.5798513 0 P 0
L 23.75000584 60.24999888 24.50000688 60.24999888 0 P 0
L 24.00000026 4.25000166 24.00000026 7.74999974 0 P 0
L 24.00000026 4.25000166 26.00000134 4.25000166 0 P 0
L 24.00000026 7.74999974 26.00000134 7.74999974 0 P 0
L 24.00000534 67.00000062 25.75000438 67.00000062 0 P 0
L 24.00000534 67.25000012 24.00000534 68.00000116 0 P 0
L 24.00000534 68.00000116 24.00000534 68.7500022 0 P 0
L 24.00000534 68.00000116 24.75000638 68.00000116 0 P 0
L 24.2000151 4.25000166 24.2000151 6.0000007 0 P 0
L 24.2000151 6.0000007 24.2000151 7.74999974 0 P 0
L 24.24999976 6.0000007 25.0000008 6.0000007 0 P 0
L 24.49999926 8.57985076 26.2499983 8.57985076 0 P 0
L 24.49999926 8.82985026 24.49999926 9.5798513 0 P 0
L 24.49999926 9.5798513 24.49999926 10.32985234 0 P 0
L 24.49999926 9.5798513 25.2500003 9.5798513 0 P 0
L 24.49999926 10.82985134 26.50000034 10.82985134 0 P 0
L 24.49999926 12.07985138 24.49999926 13.07985192 0 P 0
L 24.49999926 13.07985192 24.49999926 14.07985246 0 P 0
L 24.49999926 13.07985192 25.4999998 13.07985192 0 P 0
L 24.49999926 15.3298525 26.50000034 15.3298525 0 P 0
L 24.50000434 62.99999846 26.75000492 62.99999846 0 P 0
L 24.50000434 63.999999 24.50000434 64.99999954 0 P 0
L 24.50000434 64.99999954 24.50000434 66.00000008 0 P 0
L 24.50000434 64.99999954 25.50000488 64.99999954 0 P 0
L 24.50000434 67.00000062 26.75000492 67.00000062 0 P 0
L 24.50000688 58.74999934 26.25000592 58.74999934 0 P 0
L 24.50000688 59.49999784 24.50000688 60.24999888 0 P 0
L 24.50000688 60.24999888 24.50000688 60.99999992 0 P 0
L 24.50000688 60.24999888 25.25000792 60.24999888 0 P 0
L 24.50000688 61.74999842 26.25000592 61.74999842 0 P 0
L 24.74999876 15.49999948 24.74999876 17.50000056 0 P 0
L 24.74999876 15.49999948 26.99999934 15.49999948 0 P 0
L 24.74999876 16.50000002 24.74999876 18.5000011 0 P 0
L 24.74999876 17.50000056 24.74999876 19.50000164 0 P 0
L 24.74999876 18.49999856 24.74999876 20.49999964 0 P 0
L 24.74999876 19.4999991 24.74999876 21.50000018 0 P 0
L 24.74999876 19.4999991 26.99999934 19.4999991 0 P 0
L 24.74999876 19.50000164 26.99999934 19.50000164 0 P 0
L 24.74999876 20.49999964 24.74999876 22.50000072 0 P 0
L 24.74999876 21.50000018 24.74999876 23.50000126 0 P 0
L 24.74999876 23.50000126 26.99999934 23.50000126 0 P 0
L 25.0000008 5.24999966 25.0000008 6.0000007 0 P 0
L 25.0000008 6.0000007 25.0000008 6.75000174 0 P 0
L 25.0000008 6.0000007 25.75000184 6.0000007 0 P 0
L 25.75000184 67.00000062 25.75000184 69.0000017 0 P 0
L 25.75000184 67.00000062 29.24999992 67.00000062 0 P 0
L 25.75000184 69.0000017 27.50000088 69.0000017 0 P 0
L 25.75000438 67.00000062 25.75000438 69.0000017 0 P 0
L 25.9999988 17.50000056 26.99999934 17.50000056 0 P 0
L 25.9999988 21.50000018 26.99999934 21.50000018 0 P 0
L 26.00000134 4.25000166 26.00000134 6.0000007 0 P 0
L 26.00000134 6.0000007 26.00000134 7.74999974 0 P 0
L 26.2499983 8.57985076 26.2499983 10.57985184 0 P 0
L 26.25000592 58.74999934 26.25000592 60.24999888 0 P 0
L 26.25000592 60.24999888 26.25000592 61.74999842 0 P 0
L 26.50000034 10.82985134 26.50000034 13.07985192 0 P 0
L 26.50000034 10.82985134 26.50000034 13.07985192 0 P 0
L 26.50000034 10.82985134 28.50000142 10.82985134 0 P 0
L 26.50000034 13.07985192 26.50000034 15.3298525 0 P 0
L 26.50000034 13.07985192 26.50000034 15.3298525 0 P 0
L 26.50000034 15.3298525 28.50000142 15.3298525 0 P 0
L 26.69999994 29.5099994 28.19999948 29.5099994 0 P 0
L 26.69999994 53.07000054 28.19999948 53.07000054 0 P 0
L 26.70001264 0.75000104 26.70001264 2.50000008 0 P 0
L 26.70001264 0.75000104 28.70001372 0.75000104 0 P 0
L 26.70001264 2.50000008 26.70001264 4.24999912 0 P 0
L 26.70001264 4.24999912 28.70001372 4.24999912 0 P 0
L 26.70001264 4.25000166 26.70001264 6.0000007 0 P 0
L 26.70001264 4.25000166 27.70001318 4.25000166 0 P 0
L 26.70001264 6.0000007 26.70001264 7.74999974 0 P 0
L 26.70001264 7.74999974 27.70001318 7.74999974 0 P 0
L 26.74999984 68.00000116 27.50000088 68.00000116 0 P 0
L 26.75000238 8.57985076 26.75000238 10.57985184 0 P 0
L 26.75000238 8.57985076 30.25000046 8.57985076 0 P 0
L 26.75000238 10.57985184 28.50000142 10.57985184 0 P 0
L 26.75000492 62.99999846 26.75000492 64.99999954 0 P 0
L 26.75000492 64.99999954 26.75000492 67.00000062 0 P 0
L 26.79999974 59.45000048 26.79999974 61.19999952 0 P 0
L 26.79999974 59.45000048 27.80000028 59.45000048 0 P 0
L 26.79999974 61.19999952 26.79999974 62.94999856 0 P 0
L 26.79999974 62.94999856 27.80000028 62.94999856 0 P 0
L 26.95001214 2.50000008 27.70001318 2.50000008 0 P 0
L 26.95001214 6.0000007 27.70001318 6.0000007 0 P 0
L 26.99999934 15.49999948 29.24999992 15.49999948 0 P 0
L 26.99999934 16.50000002 26.99999934 17.50000056 0 P 0
L 26.99999934 17.50000056 26.99999934 18.5000011 0 P 0
L 26.99999934 17.50000056 27.99999988 17.50000056 0 P 0
L 26.99999934 19.4999991 29.24999992 19.4999991 0 P 0
L 26.99999934 19.50000164 29.24999992 19.50000164 0 P 0
L 26.99999934 20.49999964 26.99999934 21.50000018 0 P 0
L 26.99999934 21.50000018 26.99999934 22.50000072 0 P 0
L 26.99999934 21.50000018 27.99999988 21.50000018 0 P 0
L 26.99999934 23.50000126 29.24999992 23.50000126 0 P 0
L 27.04999924 61.19999952 27.80000028 61.19999952 0 P 0
L 27.50000088 13.07985192 28.50000142 13.07985192 0 P 0
L 27.50000088 67.25000012 27.50000088 68.00000116 0 P 0
L 27.50000088 68.00000116 27.50000088 68.7500022 0 P 0
L 27.50000088 68.00000116 28.25000192 68.00000116 0 P 0
L 27.50000088 69.0000017 29.24999992 69.0000017 0 P 0
L 27.70001318 1.74999904 27.70001318 2.50000008 0 P 0
L 27.70001318 2.50000008 27.70001318 3.25000112 0 P 0
L 27.70001318 2.50000008 28.45001422 2.50000008 0 P 0
L 27.70001318 4.25000166 28.70001372 4.25000166 0 P 0
L 27.70001318 5.24999966 27.70001318 6.0000007 0 P 0
L 27.70001318 6.0000007 27.70001318 6.75000174 0 P 0
L 27.70001318 6.0000007 28.45001422 6.0000007 0 P 0
L 27.70001318 7.74999974 28.70001372 7.74999974 0 P 0
L 27.75000038 9.5798513 28.50000142 9.5798513 0 P 0
L 27.75000038 85.49999918 27.75000038 87.50000026 0 P 0
L 27.75000038 85.49999918 31.24999846 85.49999918 0 P 0
L 27.75000038 87.50000026 29.49999942 87.50000026 0 P 0
L 27.80000028 59.45000048 28.80000082 59.45000048 0 P 0
L 27.80000028 60.44999848 27.80000028 61.19999952 0 P 0
L 27.80000028 61.19999952 27.80000028 61.95000056 0 P 0
L 27.80000028 61.19999952 28.55000132 61.19999952 0 P 0
L 27.80000028 62.94999856 28.80000082 62.94999856 0 P 0
L 28.19999948 28.00999986 28.19999948 29.5099994 0 P 0
L 28.19999948 29.5099994 28.19999948 31.00999894 0 P 0
L 28.19999948 29.5099994 29.69999902 29.5099994 0 P 0
L 28.19999948 51.570001 28.19999948 53.07000054 0 P 0
L 28.19999948 53.07000054 28.19999948 54.57000008 0 P 0
L 28.19999948 53.07000054 29.69999902 53.07000054 0 P 0
L 28.50000142 8.82985026 28.50000142 9.5798513 0 P 0
L 28.50000142 9.5798513 28.50000142 10.32985234 0 P 0
L 28.50000142 9.5798513 29.25000246 9.5798513 0 P 0
L 28.50000142 10.57985184 30.25000046 10.57985184 0 P 0
L 28.50000142 10.82985134 30.5000025 10.82985134 0 P 0
L 28.50000142 12.07985138 28.50000142 13.07985192 0 P 0
L 28.50000142 13.07985192 28.50000142 14.07985246 0 P 0
L 28.50000142 13.07985192 29.50000196 13.07985192 0 P 0
L 28.50000142 15.3298525 30.5000025 15.3298525 0 P 0
L 28.70001372 0.75000104 28.70001372 4.24999912 0 P 0
L 28.70001372 4.25000166 28.70001372 6.0000007 0 P 0
L 28.70001372 6.0000007 28.70001372 7.74999974 0 P 0
L 28.74999838 86.49999972 29.49999942 86.49999972 0 P 0
L 28.80000082 59.45000048 28.80000082 61.19999952 0 P 0
L 28.80000082 61.19999952 28.80000082 62.94999856 0 P 0
L 28.95000814 1.25000004 28.95000814 4.50000116 0 P 0
L 28.95000814 1.25000004 31.20000872 1.25000004 0 P 0
L 28.95000814 4.50000116 28.95000814 7.75000228 0 P 0
L 28.95000814 7.75000228 31.20000872 7.75000228 0 P 0
L 29.24999992 15.49999948 29.24999992 17.50000056 0 P 0
L 29.24999992 17.50000056 29.24999992 19.50000164 0 P 0
L 29.24999992 19.4999991 29.24999992 21.50000018 0 P 0
L 29.24999992 21.50000018 29.24999992 23.50000126 0 P 0
L 29.24999992 67.00000062 29.24999992 69.0000017 0 P 0
L 29.49999942 15.75000152 29.49999942 19.2499996 0 P 0
L 29.49999942 15.75000152 31.5000005 15.75000152 0 P 0
L 29.49999942 19.2499996 31.5000005 19.2499996 0 P 0
L 29.49999942 19.25000214 29.49999942 21.00000118 0 P 0
L 29.49999942 19.25000214 31.5000005 19.25000214 0 P 0
L 29.49999942 21.00000118 29.49999942 22.75000022 0 P 0
L 29.49999942 22.75000022 31.5000005 22.75000022 0 P 0
L 29.49999942 85.74999868 29.49999942 86.49999972 0 P 0
L 29.49999942 86.49999972 29.49999942 87.25000076 0 P 0
L 29.49999942 86.49999972 30.25000046 86.49999972 0 P 0
L 29.49999942 87.50000026 31.24999846 87.50000026 0 P 0
L 29.74999892 17.50000056 30.49999996 17.50000056 0 P 0
L 29.74999892 21.00000118 30.49999996 21.00000118 0 P 0
L 29.95000868 4.50000116 31.20000872 4.50000116 0 P 0
L 30.25000046 8.57985076 30.25000046 10.57985184 0 P 0
L 30.49999996 16.74999952 30.49999996 17.50000056 0 P 0
L 30.49999996 17.50000056 30.49999996 18.2500016 0 P 0
L 30.49999996 17.50000056 31.250001 17.50000056 0 P 0
L 30.49999996 20.25000014 30.49999996 21.00000118 0 P 0
L 30.49999996 21.00000118 30.49999996 21.75000222 0 P 0
L 30.49999996 21.00000118 31.250001 21.00000118 0 P 0
L 30.49999996 26.99999934 30.49999996 55.99999976 0 P 0
L 30.5000025 10.82985134 30.5000025 13.07985192 0 P 0
L 30.5000025 13.07985192 30.5000025 15.3298525 0 P 0
L 31.0500014 10.14999748 31.0500014 14.89999814 1 P 0
L 31.0500014 10.14999748 63.80000194 10.14999748 1 P 0
L 31.0500014 14.89999814 31.5500004 14.89999814 1 P 0
L 31.20000872 1.25000004 33.4500093 1.25000004 0 P 0
L 31.20000872 3.25000112 31.20000872 4.50000116 0 P 0
L 31.20000872 4.50000116 31.20000872 5.7500012 0 P 0
L 31.20000872 4.50000116 32.45000876 4.50000116 0 P 0
L 31.20000872 7.75000228 33.4500093 7.75000228 0 P 0
L 31.24999846 85.49999918 31.24999846 87.50000026 0 P 0
L 31.3000009 77.99999894 31.3000009 80.00000002 2 P 0
L 31.3000009 77.99999894 34.69999918 77.99999894 2 P 0
L 31.3000009 80.00000002 34.69999918 80.00000002 2 P 0
L 31.3000009 85.49999918 31.3000009 87.50000026 2 P 0
L 31.3000009 85.49999918 34.69999918 85.49999918 2 P 0
L 31.3000009 87.50000026 34.69999918 87.50000026 2 P 0
L 31.5000005 15.75000152 31.5000005 17.50000056 0 P 0
L 31.5000005 17.50000056 31.5000005 19.2499996 0 P 0
L 31.5000005 19.25000214 31.5000005 22.75000022 0 P 0
L 31.7999999 14.89999814 31.7999999 21.64999988 1 P 0
L 31.7999999 21.64999734 63.0500009 21.64999988 1 P 0
L 31.9999995 80.80000096 31.9999995 84.19999924 2 P 0
L 31.9999995 80.80000096 34.00000058 80.80000096 2 P 0
L 31.9999995 84.19999924 34.00000058 84.19999924 2 P 0
L 33.00000258 15.89999868 34.80000152 15.89999868 1 P 0
L 33.35000188 21.30000058 33.35000188 22.30000112 0 P 0
L 33.35000188 21.30000058 35.10000092 21.30000058 0 P 0
L 33.35000188 22.30000112 33.35000188 23.30000166 0 P 0
L 33.35000188 23.30000166 35.10000092 23.30000166 0 P 0
L 33.4500093 1.25000004 33.4500093 4.50000116 0 P 0
L 33.4500093 4.50000116 33.4500093 7.75000228 0 P 0
L 33.497012 3.1250001 33.497012 6.62499818 0 P 0
L 33.497012 3.1250001 35.49701308 3.1250001 0 P 0
L 33.497012 6.62499818 35.49701308 6.62499818 0 P 0
L 33.7470115 4.87499914 34.49701254 4.87499914 0 P 0
L 34.00000058 80.80000096 34.00000058 84.19999924 2 P 0
L 34.25000008 80.49999902 34.25000008 82.5000001 0 P 0
L 34.25000008 80.49999902 35.99999912 80.49999902 0 P 0
L 34.25000008 82.5000001 37.74999816 82.5000001 0 P 0
L 34.34999988 22.30000112 35.10000092 22.30000112 0 P 0
L 34.49701254 4.1249981 34.49701254 4.87499914 0 P 0
L 34.49701254 4.87499914 34.49701254 5.62500018 0 P 0
L 34.49701254 4.87499914 35.24701358 4.87499914 0 P 0
L 34.69999918 77.99999894 34.69999918 80.00000002 2 P 0
L 34.69999918 85.49999918 34.69999918 87.50000026 2 P 0
L 34.80000152 14.09999974 34.80000152 15.89999868 1 P 0
L 34.80000152 15.89999868 34.80000152 17.69999762 1 P 0
L 34.80000152 15.89999868 36.60000046 15.89999868 1 P 0
L 35.10000092 21.30000058 36.84999996 21.30000058 0 P 0
L 35.10000092 21.55000008 35.10000092 22.30000112 0 P 0
L 35.10000092 22.30000112 35.10000092 23.05000216 0 P 0
L 35.10000092 22.30000112 35.85000196 22.30000112 0 P 0
L 35.10000092 23.30000166 36.84999996 23.30000166 0 P 0
L 35.24999808 81.49999956 35.99999912 81.49999956 0 P 0
L 35.25000062 77.49999994 35.25000062 79.50000102 0 P 0
L 35.25000062 77.49999994 36.99999966 77.49999994 0 P 0
L 35.25000062 79.50000102 38.7499987 79.50000102 0 P 0
L 35.49701308 3.1250001 35.49701308 4.87499914 0 P 0
L 35.49701308 4.87499914 35.49701308 6.62499818 0 P 0
L 35.99999912 80.49999902 37.74999816 80.49999902 0 P 0
L 35.99999912 80.74999852 35.99999912 81.49999956 0 P 0
L 35.99999912 81.49999956 35.99999912 82.2500006 0 P 0
L 35.99999912 81.49999956 36.75000016 81.49999956 0 P 0
L 36.24999862 78.50000048 36.99999966 78.50000048 0 P 0
L 36.70000026 70.25000174 36.70000026 72.00000078 0 P 0
L 36.70000026 70.25000174 38.70000134 70.25000174 0 P 0
L 36.70000026 72.00000078 36.70000026 73.74999982 0 P 0
L 36.70000026 73.74999982 38.70000134 73.74999982 0 P 0
L 36.84999996 21.30000058 36.84999996 22.30000112 0 P 0
L 36.84999996 22.30000112 36.84999996 23.30000166 0 P 0
L 36.94999976 72.00000078 37.7000008 72.00000078 0 P 0
L 36.99999966 77.49999994 38.7499987 77.49999994 0 P 0
L 36.99999966 77.74999944 36.99999966 78.50000048 0 P 0
L 36.99999966 78.50000048 36.99999966 79.25000152 0 P 0
L 36.99999966 78.50000048 37.7500007 78.50000048 0 P 0
L 37.7000008 71.24999974 37.7000008 72.00000078 0 P 0
L 37.7000008 72.00000078 37.7000008 72.75000182 0 P 0
L 37.7000008 72.00000078 38.45000184 72.00000078 0 P 0
L 37.74999816 80.49999902 37.74999816 82.5000001 0 P 0
L 38.70000134 70.25000174 38.70000134 73.74999982 0 P 0
L 38.7499987 77.49999994 38.7499987 79.50000102 0 P 0
L 42.20001466 78.20001886 42.20001466 80.70001894 0 P 0
L 42.20001466 78.20001886 44.20001574 78.20001886 0 P 0
L 42.20001466 80.70001894 42.20001466 83.20001902 0 P 0
L 42.20001466 83.20001902 44.20001574 83.20001902 0 P 0
L 42.55000126 76.1000002 42.55000126 77.10000074 0 P 0
L 42.55000126 76.1000002 44.3000003 76.1000002 0 P 0
L 42.55000126 77.10000074 42.55000126 78.10000128 0 P 0
L 42.55000126 78.10000128 44.3000003 78.10000128 0 P 0
L 42.9500157 80.70001894 44.20001574 80.70001894 0 P 0
L 43.54999926 77.10000074 44.3000003 77.10000074 0 P 0
L 43.82014858 85.09967994 43.82014858 87.09968102 0 P 0
L 43.82014858 85.09967994 47.32014666 85.09967994 0 P 0
L 43.82014858 87.09968102 45.57014762 87.09968102 0 P 0
L 44.20001574 78.20001886 46.20001682 78.20001886 0 P 0
L 44.20001574 79.4500189 44.20001574 80.70001894 0 P 0
L 44.20001574 80.70001894 44.20001574 81.95001898 0 P 0
L 44.20001574 80.70001894 45.45001578 80.70001894 0 P 0
L 44.20001574 83.20001902 46.20001682 83.20001902 0 P 0
L 44.24220006 4.09349956 44.24220006 6.50649956 4 P 0
L 44.24220006 4.09349956 45.09310006 4.09349956 4 P 0
L 44.24220006 6.50649956 45.09310006 6.50649956 4 P 0
L 44.3000003 76.1000002 46.04999934 76.1000002 0 P 0
L 44.3000003 76.3499997 44.3000003 77.10000074 0 P 0
L 44.3000003 77.10000074 44.3000003 77.85000178 0 P 0
L 44.3000003 77.10000074 45.05000134 77.10000074 0 P 0
L 44.3000003 78.10000128 46.04999934 78.10000128 0 P 0
L 44.82014658 86.09968048 45.57014762 86.09968048 0 P 0
L 45.09310006 0.89309956 45.09310006 4.09349956 4 P 0
L 45.09310006 0.89309956 53.90690006 0.89309956 4 P 0
L 45.09310006 6.50649956 45.09310006 9.70689956 4 P 0
L 45.09310006 9.70689956 53.90690006 9.70689956 4 P 0
L 45.57014762 85.34967944 45.57014762 86.09968048 0 P 0
L 45.57014762 86.09968048 45.57014762 86.84968152 0 P 0
L 45.57014762 86.09968048 46.32014866 86.09968048 0 P 0
L 45.57014762 87.09968102 47.32014666 87.09968102 0 P 0
L 46.04999934 76.1000002 46.04999934 77.10000074 0 P 0
L 46.04999934 77.10000074 46.04999934 78.10000128 0 P 0
L 46.20001682 78.20001886 46.20001682 80.70001894 0 P 0
L 46.20001682 80.70001894 46.20001682 83.20001902 0 P 0
L 46.95000008 21.30000058 46.95000008 22.30000112 0 P 0
L 46.95000008 21.30000058 48.69999912 21.30000058 0 P 0
L 46.95000008 22.30000112 46.95000008 23.30000166 0 P 0
L 46.95000008 23.30000166 48.69999912 23.30000166 0 P 0
L 46.95000008 28.70000102 46.95000008 34.10000038 2 P 0
L 46.95000008 28.70000102 50.04999896 28.70000102 2 P 0
L 46.95000008 34.10000038 50.04999896 34.10000038 2 P 0
L 47.32014666 85.09967994 47.32014666 87.09968102 0 P 0
L 47.36205412 82.66000232 47.36205412 85.1600024 0 P 0
L 47.36205412 82.66000232 49.3620552 82.66000232 0 P 0
L 47.36205412 85.1600024 47.36205412 87.66000248 0 P 0
L 47.36205412 87.66000248 49.3620552 87.66000248 0 P 0
L 47.55000142 26.50000034 47.55000142 27.50000088 0 P 0
L 47.55000142 26.50000034 49.30000046 26.50000034 0 P 0
L 47.55000142 27.50000088 47.55000142 28.50000142 0 P 0
L 47.55000142 28.50000142 49.30000046 28.50000142 0 P 0
L 47.59999878 31.4000007 48.49999952 31.4000007 5 P 0
L 47.94999808 22.30000112 48.69999912 22.30000112 0 P 0
L 48.00000052 5.29999956 49.50000006 5.29999956 5 P 0
L 48.11205516 85.1600024 49.3620552 85.1600024 0 P 0
L 48.49999952 30.49999996 48.49999952 31.4000007 5 P 0
L 48.49999952 31.4000007 48.49999952 32.30000144 5 P 0
L 48.49999952 31.4000007 49.40000026 31.4000007 5 P 0
L 48.54999942 27.50000088 49.30000046 27.50000088 0 P 0
L 48.69999912 21.30000058 50.44999816 21.30000058 0 P 0
L 48.69999912 21.55000008 48.69999912 22.30000112 0 P 0
L 48.69999912 22.30000112 48.69999912 23.05000216 0 P 0
L 48.69999912 22.30000112 49.45000016 22.30000112 0 P 0
L 48.69999912 23.30000166 50.44999816 23.30000166 0 P 0
L 49.30000046 26.50000034 51.0499995 26.50000034 0 P 0
L 49.30000046 26.74999984 49.30000046 27.50000088 0 P 0
L 49.30000046 27.50000088 49.30000046 28.25000192 0 P 0
L 49.30000046 27.50000088 50.0500015 27.50000088 0 P 0
L 49.30000046 28.50000142 51.0499995 28.50000142 0 P 0
L 49.3620552 82.66000232 51.36205628 82.66000232 0 P 0
L 49.3620552 83.91000236 49.3620552 85.1600024 0 P 0
L 49.3620552 85.1600024 49.3620552 86.41000244 0 P 0
L 49.3620552 85.1600024 50.61205524 85.1600024 0 P 0
L 49.3620552 87.66000248 51.36205628 87.66000248 0 P 0
L 49.50000006 3.80000002 49.50000006 5.29999956 5 P 0
L 49.50000006 5.29999956 49.50000006 6.7999991 5 P 0
L 49.50000006 5.29999956 50.9999996 5.29999956 5 P 0
L 49.99999906 71.24999974 49.99999906 72.99999878 0 P 0
L 49.99999906 71.24999974 50.9999996 71.24999974 0 P 0
L 49.99999906 72.99999878 49.99999906 74.74999782 0 P 0
L 49.99999906 74.74999782 50.9999996 74.74999782 0 P 0
L 50.04999896 28.70000102 50.04999896 34.10000038 2 P 0
L 50.24999856 72.99999878 50.9999996 72.99999878 0 P 0
L 50.44999816 21.30000058 50.44999816 22.30000112 0 P 0
L 50.44999816 22.30000112 50.44999816 23.30000166 0 P 0
L 50.9999996 71.24999974 52.00000014 71.24999974 0 P 0
L 50.9999996 72.24999774 50.9999996 72.99999878 0 P 0
L 50.9999996 72.99999878 50.9999996 73.74999982 0 P 0
L 50.9999996 72.99999878 51.75000064 72.99999878 0 P 0
L 50.9999996 74.74999782 52.00000014 74.74999782 0 P 0
L 51.0499995 26.50000034 51.0499995 27.50000088 0 P 0
L 51.0499995 27.50000088 51.0499995 28.50000142 0 P 0
L 51.36205628 82.66000232 51.36205628 85.1600024 0 P 0
L 51.36205628 85.1600024 51.36205628 87.66000248 0 P 0
L 51.3999988 83.65000034 51.3999988 85.39999938 0 P 0
L 51.3999988 83.65000034 52.39999934 83.65000034 0 P 0
L 51.3999988 85.39999938 51.3999988 87.14999842 0 P 0
L 51.3999988 87.14999842 52.39999934 87.14999842 0 P 0
L 51.6499983 85.39999938 52.39999934 85.39999938 0 P 0
L 52.00000014 71.24999974 52.00000014 72.99999878 0 P 0
L 52.00000014 72.99999878 52.00000014 74.74999782 0 P 0
L 52.24999964 70.75000074 52.24999964 73.50000032 0 P 0
L 52.24999964 70.75000074 54.74999972 70.75000074 0 P 0
L 52.24999964 73.50000032 52.24999964 76.2499999 0 P 0
L 52.24999964 76.2499999 54.74999972 76.2499999 0 P 0
L 52.39999934 83.65000034 53.39999988 83.65000034 0 P 0
L 52.39999934 84.64999834 52.39999934 85.39999938 0 P 0
L 52.39999934 85.39999938 52.39999934 86.15000042 0 P 0
L 52.39999934 85.39999938 53.15000038 85.39999938 0 P 0
L 52.39999934 87.14999842 53.39999988 87.14999842 0 P 0
L 52.74999864 73.50000032 53.49999968 73.50000032 0 P 0
L 53.34999998 8.49999824 53.34999998 9.49999878 0 P 0
L 53.34999998 8.49999824 55.09999902 8.49999824 0 P 0
L 53.34999998 9.49999878 53.34999998 10.49999932 0 P 0
L 53.34999998 10.49999932 55.09999902 10.49999932 0 P 0
L 53.39999988 83.65000034 53.39999988 85.39999938 0 P 0
L 53.39999988 85.39999938 53.39999988 87.14999842 0 P 0
L 53.45999976 83.87499862 53.45999976 93.0249981 2 P 0
L 53.45999976 83.87499862 63.93999912 83.87499862 2 P 0
L 53.45999976 93.0249981 63.93999912 93.0249981 2 P 0
L 53.49999968 72.74999928 53.49999968 73.50000032 0 P 0
L 53.49999968 73.50000032 53.49999968 74.25000136 0 P 0
L 53.49999968 73.50000032 54.25000072 73.50000032 0 P 0
L 53.49999968 79.95000266 53.49999968 81.7000017 0 P 0
L 53.49999968 79.95000266 54.50000022 79.95000266 0 P 0
L 53.49999968 81.7000017 53.49999968 83.45000074 0 P 0
L 53.49999968 83.45000074 54.50000022 83.45000074 0 P 0
L 53.74999918 81.7000017 54.50000022 81.7000017 0 P 0
L 53.90690006 0.89309956 53.90690006 4.09349956 4 P 0
L 53.90690006 4.09349956 54.75780006 4.09349956 4 P 0
L 53.90690006 6.50649956 53.90690006 9.70689956 4 P 0
L 53.90690006 6.50649956 54.75780006 6.50649956 4 P 0
L 54.34999798 9.49999878 55.09999902 9.49999878 0 P 0
L 54.50000022 79.95000266 55.50000076 79.95000266 0 P 0
L 54.50000022 80.95000066 54.50000022 81.7000017 0 P 0
L 54.50000022 81.7000017 54.50000022 82.45000274 0 P 0
L 54.50000022 81.7000017 55.25000126 81.7000017 0 P 0
L 54.50000022 83.45000074 55.50000076 83.45000074 0 P 0
L 54.74999972 70.75000074 54.74999972 76.2499999 0 P 0
L 54.75780006 4.09349956 54.75780006 6.50649956 4 P 0
L 55.09999902 8.49999824 56.84999806 8.49999824 0 P 0
L 55.09999902 8.74999774 55.09999902 9.49999878 0 P 0
L 55.09999902 9.49999878 55.09999902 10.24999982 0 P 0
L 55.09999902 9.49999878 55.85000006 9.49999878 0 P 0
L 55.09999902 10.49999932 56.84999806 10.49999932 0 P 0
L 55.50000076 79.95000266 55.50000076 81.7000017 0 P 0
L 55.50000076 81.7000017 55.50000076 83.45000074 0 P 0
L 55.63746556 77.50127756 55.63746556 83.50127572 0 P 0
L 55.63746556 77.50127756 61.63746372 77.50127756 0 P 0
L 55.63746556 83.50127572 58.63746464 83.50127572 0 P 0
L 56.8000007 88.62499928 58.69999944 88.62499928 3 P 0
L 56.84999806 8.49999824 56.84999806 9.49999878 0 P 0
L 56.84999806 9.49999878 56.84999806 10.49999932 0 P 0
L 57.6374641 80.50127664 58.63746464 80.50127664 0 P 0
L 58.05000074 21.30000058 58.05000074 22.30000112 0 P 0
L 58.05000074 21.30000058 59.79999978 21.30000058 0 P 0
L 58.05000074 22.30000112 58.05000074 23.30000166 0 P 0
L 58.05000074 23.30000166 59.79999978 23.30000166 0 P 0
L 58.63746464 79.5012761 58.63746464 80.50127664 0 P 0
L 58.63746464 80.50127664 58.63746464 81.50127718 0 P 0
L 58.63746464 80.50127664 59.63746518 80.50127664 0 P 0
L 58.63746464 83.50127572 61.63746372 83.50127572 0 P 0
L 58.69999944 86.72500054 58.69999944 88.62499928 3 P 0
L 58.69999944 88.62499928 58.69999944 90.52499802 3 P 0
L 58.69999944 88.62499928 60.59999818 88.62499928 3 P 0
L 59.04999874 22.30000112 59.79999978 22.30000112 0 P 0
L 59.79999978 21.30000058 61.54999882 21.30000058 0 P 0
L 59.79999978 21.55000008 59.79999978 22.30000112 0 P 0
L 59.79999978 22.30000112 59.79999978 23.05000216 0 P 0
L 59.79999978 22.30000112 60.55000082 22.30000112 0 P 0
L 59.79999978 23.30000166 61.54999882 23.30000166 0 P 0
L 61.54999882 21.30000058 61.54999882 22.30000112 0 P 0
L 61.54999882 22.30000112 61.54999882 23.30000166 0 P 0
L 61.63746372 77.50127756 61.63746372 83.50127572 0 P 0
L 63.0500009 14.89999814 63.0500009 21.64999988 1 P 0
L 63.0500009 14.89999814 63.80000194 14.89999814 1 P 0
L 63.80000194 10.14999748 63.80000194 14.89999814 1 P 0
L 63.93999912 83.87499862 63.93999912 93.0249981 2 P 0
