UNITS=MM
#Layer_Color=9474304
#
#Feature symbol names
#
$0 r127
$1 r169.33164
$2 r101.6

#
#Feature attribute names
#

#
#Layer features
#
A 5.40479996 29.5099994 5.40479996 29.5099994 5.09999996 29.5099994 2 P 0 N
A 5.40479996 53.07000054 5.40479996 53.07000054 5.09999996 53.07000054 2 P 0 N
A 5.60799996 29.5099994 5.60799996 29.5099994 5.09999996 29.5099994 1 P 0 N
A 5.60799996 53.07000054 5.60799996 53.07000054 5.09999996 53.07000054 1 P 0 N
A 13.35308988 53.16689138 13.35308988 53.16689138 12.84508988 53.16689138 1 P 0 N
A 15.89308988 53.16689138 15.89308988 53.16689138 15.38508988 53.16689138 1 P 0 N
A 18.43308988 53.16689138 18.43308988 53.16689138 17.92508988 53.16689138 1 P 0 N
A 20.97308988 53.22089178 20.97308988 53.22089178 20.46508988 53.22089178 1 P 0 N
A 28.50479948 29.5099994 28.50479948 29.5099994 28.19999948 29.5099994 2 P 0 N
A 28.50479948 53.07000054 28.50479948 53.07000054 28.19999948 53.07000054 2 P 0 N
A 28.70799948 29.5099994 28.70799948 29.5099994 28.19999948 29.5099994 1 P 0 N
A 28.70799948 53.07000054 28.70799948 53.07000054 28.19999948 53.07000054 1 P 0 N
L 1.14600736 34.85300624 1.65400736 33.83700624 0 P 0
L 1.14600736 34.85300624 2.16200736 34.85300624 0 P 0
L 1.14600736 39.8530064 1.65400736 38.8370064 0 P 0
L 1.14600736 39.8530064 2.16200736 39.8530064 0 P 0
L 1.14600736 44.85300656 1.65400736 43.83700656 0 P 0
L 1.14600736 44.85300656 2.16200736 44.85300656 0 P 0
L 1.14600736 49.85300672 1.65400736 48.83700672 0 P 0
L 1.14600736 49.85300672 2.16200736 49.85300672 0 P 0
L 1.14600736 54.85300688 1.65400736 53.83700688 0 P 0
L 1.14600736 54.85300688 2.16200736 54.85300688 0 P 0
L 1.14600736 79.85300768 1.65400736 78.83700768 0 P 0
L 1.14600736 79.85300768 2.16200736 79.85300768 0 P 0
L 1.65400736 33.83700624 2.16200736 34.85300624 0 P 0
L 1.65400736 38.8370064 2.16200736 39.8530064 0 P 0
L 1.65400736 43.83700656 2.16200736 44.85300656 0 P 0
L 1.65400736 48.83700672 2.16200736 49.85300672 0 P 0
L 1.65400736 53.83700688 2.16200736 54.85300688 0 P 0
L 1.65400736 78.83700768 2.16200736 79.85300768 0 P 0
L 2.49199908 2.49199908 2.49199908 3.50799908 0 P 0
L 2.49199908 2.49199908 3.50799908 2.49199908 0 P 0
L 2.49199908 3.50799908 3.50799908 3.50799908 0 P 0
L 2.49199908 74.49199986 2.49199908 75.50799986 0 P 0
L 2.49199908 74.49199986 3.50799908 74.49199986 0 P 0
L 2.49199908 75.50799986 3.50799908 75.50799986 0 P 0
L 3.49199962 8.50799924 3.99999962 7.49199924 0 P 0
L 3.49199962 8.50799924 4.50799962 8.50799924 0 P 0
L 3.50799908 2.49199908 3.50799908 3.50799908 0 P 0
L 3.50799908 74.49199986 3.50799908 75.50799986 0 P 0
L 3.99999962 7.49199924 4.50799962 8.50799924 0 P 0
L 4.19200076 7.60800104 4.70000076 6.59200104 0 P 0
L 4.19200076 7.60800104 5.20800076 7.60800104 0 P 0
L 4.28760128 9.44631842 4.79560128 8.43031842 0 P 0
L 4.28760128 9.44631842 5.30360128 9.44631842 0 P 0
L 4.70000076 6.59200104 5.20800076 7.60800104 0 P 0
L 4.79560128 8.43031842 5.30360128 9.44631842 0 P 0
L 6.14600752 34.85300624 6.65400752 33.83700624 0 P 0
L 6.14600752 34.85300624 7.16200752 34.85300624 0 P 0
L 6.14600752 39.8530064 6.65400752 38.8370064 0 P 0
L 6.14600752 39.8530064 7.16200752 39.8530064 0 P 0
L 6.14600752 44.85300656 6.65400752 43.83700656 0 P 0
L 6.14600752 44.85300656 7.16200752 44.85300656 0 P 0
L 6.14600752 49.85300672 6.65400752 48.83700672 0 P 0
L 6.14600752 49.85300672 7.16200752 49.85300672 0 P 0
L 6.14600752 59.85300704 6.65400752 58.83700704 0 P 0
L 6.14600752 59.85300704 7.16200752 59.85300704 0 P 0
L 6.14600752 64.8530072 6.65400752 63.8370072 0 P 0
L 6.14600752 64.8530072 7.16200752 64.8530072 0 P 0
L 6.14600752 69.85300736 6.65400752 68.83700736 0 P 0
L 6.14600752 69.85300736 7.16200752 69.85300736 0 P 0
L 6.14600752 74.85300752 6.65400752 73.83700752 0 P 0
L 6.14600752 74.85300752 7.16200752 74.85300752 0 P 0
L 6.14600752 79.85300768 6.65400752 78.83700768 0 P 0
L 6.14600752 79.85300768 7.16200752 79.85300768 0 P 0
L 6.65400752 33.83700624 7.16200752 34.85300624 0 P 0
L 6.65400752 38.8370064 7.16200752 39.8530064 0 P 0
L 6.65400752 43.83700656 7.16200752 44.85300656 0 P 0
L 6.65400752 48.83700672 7.16200752 49.85300672 0 P 0
L 6.65400752 58.83700704 7.16200752 59.85300704 0 P 0
L 6.65400752 63.8370072 7.16200752 64.8530072 0 P 0
L 6.65400752 68.83700736 7.16200752 69.85300736 0 P 0
L 6.65400752 73.83700752 7.16200752 74.85300752 0 P 0
L 6.65400752 78.83700768 7.16200752 79.85300768 0 P 0
L 7.29199964 2.20799914 7.79999964 1.19199914 0 P 0
L 7.29199964 2.20799914 8.30799964 2.20799914 0 P 0
L 7.29199964 3.70800122 7.79999964 2.69200122 0 P 0
L 7.29199964 3.70800122 8.30799964 3.70800122 0 P 0
L 7.79999964 1.19199914 8.30799964 2.20799914 0 P 0
L 7.79999964 2.69200122 8.30799964 3.70800122 0 P 0
L 8.29200018 26.60800114 8.80000018 25.59200114 0 P 0
L 8.29200018 26.60800114 9.30800018 26.60800114 0 P 0
L 8.59199958 28.80799928 9.09999958 27.79199928 0 P 0
L 8.59199958 28.80799928 9.60799958 28.80799928 0 P 0
L 8.79199918 13.3079998 9.29999918 12.2919998 0 P 0
L 8.79199918 13.3079998 9.80799918 13.3079998 0 P 0
L 8.79199918 15.10799874 9.29999918 14.09199874 0 P 0
L 8.79199918 15.10799874 9.80799918 15.10799874 0 P 0
L 8.79199918 21.30799904 9.29999918 20.29199904 0 P 0
L 8.79199918 21.30799904 9.80799918 21.30799904 0 P 0
L 8.79199918 23.10800052 9.29999918 22.09200052 0 P 0
L 8.79199918 23.10800052 9.80799918 23.10800052 0 P 0
L 8.80000018 25.59200114 9.30800018 26.60800114 0 P 0
L 8.99199878 62.50800046 9.49999878 61.49200046 0 P 0
L 8.99199878 62.50800046 10.00799878 62.50800046 0 P 0
L 9.09999958 27.79199928 9.60799958 28.80799928 0 P 0
L 9.29999918 12.2919998 9.80799918 13.3079998 0 P 0
L 9.29999918 14.09199874 9.80799918 15.10799874 0 P 0
L 9.29999918 20.29199904 9.80799918 21.30799904 0 P 0
L 9.29999918 22.09200052 9.80799918 23.10800052 0 P 0
L 9.49999878 61.49200046 10.00799878 62.50800046 0 P 0
L 9.7372043 61.00800092 10.2452043 59.99200092 0 P 0
L 9.7372043 61.00800092 10.7532043 61.00800092 0 P 0
L 9.79199972 64.008 10.29999972 62.992 0 P 0
L 9.79199972 64.008 10.80799972 64.008 0 P 0
L 10.0917248 9.46090056 10.5997248 8.44490056 0 P 0
L 10.0917248 9.46090056 11.1077248 9.46090056 0 P 0
L 10.2452043 59.99200092 10.7532043 61.00800092 0 P 0
L 10.29999972 62.992 10.80799972 64.008 0 P 0
L 10.5997248 8.44490056 11.1077248 9.46090056 0 P 0
L 10.76699904 13.3079998 11.27499904 12.2919998 0 P 0
L 10.76699904 13.3079998 11.78299904 13.3079998 0 P 0
L 10.76699904 15.10799874 11.27499904 14.09199874 0 P 0
L 10.76699904 15.10799874 11.78299904 15.10799874 0 P 0
L 10.76699904 21.30799904 11.27499904 20.29199904 0 P 0
L 10.76699904 21.30799904 11.78299904 21.30799904 0 P 0
L 10.76699904 23.10800052 11.27499904 22.09200052 0 P 0
L 10.76699904 23.10800052 11.78299904 23.10800052 0 P 0
L 11.13720658 64.008 11.64520658 62.992 0 P 0
L 11.13720658 64.008 12.15320658 64.008 0 P 0
L 11.14600768 4.85300528 11.65400768 3.83700528 0 P 0
L 11.14600768 4.85300528 12.16200768 4.85300528 0 P 0
L 11.14600768 29.85300608 11.65400768 28.83700608 0 P 0
L 11.14600768 29.85300608 12.16200768 29.85300608 0 P 0
L 11.14600768 34.85300624 11.65400768 33.83700624 0 P 0
L 11.14600768 34.85300624 12.16200768 34.85300624 0 P 0
L 11.14600768 39.8530064 11.65400768 38.8370064 0 P 0
L 11.14600768 39.8530064 12.16200768 39.8530064 0 P 0
L 11.14600768 44.85300656 11.65400768 43.83700656 0 P 0
L 11.14600768 44.85300656 12.16200768 44.85300656 0 P 0
L 11.14600768 54.85300688 11.65400768 53.83700688 0 P 0
L 11.14600768 54.85300688 12.16200768 54.85300688 0 P 0
L 11.14600768 59.85300704 11.65400768 58.83700704 0 P 0
L 11.14600768 59.85300704 12.16200768 59.85300704 0 P 0
L 11.14600768 69.85300736 11.65400768 68.83700736 0 P 0
L 11.14600768 69.85300736 12.16200768 69.85300736 0 P 0
L 11.14600768 74.85300752 11.65400768 73.83700752 0 P 0
L 11.14600768 74.85300752 12.16200768 74.85300752 0 P 0
L 11.14600768 79.85300768 11.65400768 78.83700768 0 P 0
L 11.14600768 79.85300768 12.16200768 79.85300768 0 P 0
L 11.27499904 12.2919998 11.78299904 13.3079998 0 P 0
L 11.27499904 14.09199874 11.78299904 15.10799874 0 P 0
L 11.27499904 20.29199904 11.78299904 21.30799904 0 P 0
L 11.27499904 22.09200052 11.78299904 23.10800052 0 P 0
L 11.49199886 50.50799906 11.99999886 49.49199906 0 P 0
L 11.49199886 50.50799906 12.50799886 50.50799906 0 P 0
L 11.64520658 62.992 12.15320658 64.008 0 P 0
L 11.65400768 3.83700528 12.16200768 4.85300528 0 P 0
L 11.65400768 28.83700608 12.16200768 29.85300608 0 P 0
L 11.65400768 33.83700624 12.16200768 34.85300624 0 P 0
L 11.65400768 38.8370064 12.16200768 39.8530064 0 P 0
L 11.65400768 43.83700656 12.16200768 44.85300656 0 P 0
L 11.65400768 53.83700688 12.16200768 54.85300688 0 P 0
L 11.65400768 58.83700704 12.16200768 59.85300704 0 P 0
L 11.65400768 68.83700736 12.16200768 69.85300736 0 P 0
L 11.65400768 73.83700752 12.16200768 74.85300752 0 P 0
L 11.65400768 78.83700768 12.16200768 79.85300768 0 P 0
L 11.99999886 49.49199906 12.50799886 50.50799906 0 P 0
L 12.0920002 25.5080008 12.6000002 24.4920008 0 P 0
L 12.0920002 25.5080008 13.1080002 25.5080008 0 P 0
L 12.6000002 24.4920008 13.1080002 25.5080008 0 P 0
L 12.63720612 61.00800092 13.14520612 59.99200092 0 P 0
L 12.63720612 61.00800092 13.65320612 61.00800092 0 P 0
L 12.63720612 64.008 13.14520612 62.992 0 P 0
L 12.63720612 64.008 13.65320612 64.008 0 P 0
L 12.7419989 13.3079998 13.2499989 12.2919998 0 P 0
L 12.7419989 13.3079998 13.7579989 13.3079998 0 P 0
L 12.7419989 15.10799874 13.2499989 14.09199874 0 P 0
L 12.7419989 15.10799874 13.7579989 15.10799874 0 P 0
L 12.7419989 21.30799904 13.2499989 20.29199904 0 P 0
L 12.7419989 21.30799904 13.7579989 21.30799904 0 P 0
L 12.7419989 23.10800052 13.2499989 22.09200052 0 P 0
L 12.7419989 23.10800052 13.7579989 23.10800052 0 P 0
L 12.99200094 3.70800122 13.50000094 2.69200122 0 P 0
L 12.99200094 3.70800122 14.00800094 3.70800122 0 P 0
L 13.14520612 59.99200092 13.65320612 61.00800092 0 P 0
L 13.14520612 62.992 13.65320612 64.008 0 P 0
L 13.2499989 12.2919998 13.7579989 13.3079998 0 P 0
L 13.2499989 14.09199874 13.7579989 15.10799874 0 P 0
L 13.2499989 20.29199904 13.7579989 21.30799904 0 P 0
L 13.2499989 22.09200052 13.7579989 23.10800052 0 P 0
L 13.2895848 62.50800046 13.7975848 61.49200046 0 P 0
L 13.2895848 62.50800046 14.3055848 62.50800046 0 P 0
L 13.50000094 2.69200122 14.00800094 3.70800122 0 P 0
L 13.7975848 61.49200046 14.3055848 62.50800046 0 P 0
L 13.99200148 47.92943424 14.50000148 46.91343424 0 P 0
L 13.99200148 47.92943424 15.00800148 47.92943424 0 P 0
L 14.29200088 3.70800122 14.80000088 2.69200122 0 P 0
L 14.29200088 3.70800122 15.30800088 3.70800122 0 P 0
L 14.50000148 46.91343424 15.00800148 47.92943424 0 P 0
L 14.54200038 21.30799904 15.05000038 20.29199904 0 P 0
L 14.54200038 21.30799904 15.55800038 21.30799904 0 P 0
L 14.54200038 23.10800052 15.05000038 22.09200052 0 P 0
L 14.54200038 23.10800052 15.55800038 23.10800052 0 P 0
L 14.59200028 13.3079998 15.10000028 12.2919998 0 P 0
L 14.59200028 13.3079998 15.60800028 13.3079998 0 P 0
L 14.59200028 15.10799874 15.10000028 14.09199874 0 P 0
L 14.59200028 15.10799874 15.60800028 15.10799874 0 P 0
L 14.59200028 17.20799962 15.10000028 16.19199962 0 P 0
L 14.59200028 17.20799962 15.60800028 17.20799962 0 P 0
L 14.59200028 19.2080007 15.10000028 18.1920007 0 P 0
L 14.59200028 19.2080007 15.60800028 19.2080007 0 P 0
L 14.80000088 2.69200122 15.30800088 3.70800122 0 P 0
L 15.05000038 20.29199904 15.55800038 21.30799904 0 P 0
L 15.05000038 22.09200052 15.55800038 23.10800052 0 P 0
L 15.10000028 12.2919998 15.60800028 13.3079998 0 P 0
L 15.10000028 14.09199874 15.60800028 15.10799874 0 P 0
L 15.10000028 16.19199962 15.60800028 17.20799962 0 P 0
L 15.10000028 18.1920007 15.60800028 19.2080007 0 P 0
L 15.367 11.50800086 15.875 10.49200086 0 P 0
L 15.367 11.50800086 16.383 11.50800086 0 P 0
L 15.39200122 76.05799876 15.90000122 75.04199876 0 P 0
L 15.39200122 76.05799876 16.40800122 76.05799876 0 P 0
L 15.69200062 3.70800122 16.20000062 2.69200122 0 P 0
L 15.69200062 3.70800122 16.70800062 3.70800122 0 P 0
L 15.75750976 24.78300098 16.26550976 23.76700098 0 P 0
L 15.75750976 24.78300098 16.77350976 24.78300098 0 P 0
L 15.875 10.49200086 16.383 11.50800086 0 P 0
L 15.90000122 75.04199876 16.40800122 76.05799876 0 P 0
L 16.14600784 29.85300608 16.65400784 28.83700608 0 P 0
L 16.14600784 29.85300608 17.16200784 29.85300608 0 P 0
L 16.14600784 34.85300624 16.65400784 33.83700624 0 P 0
L 16.14600784 34.85300624 17.16200784 34.85300624 0 P 0
L 16.14600784 39.8530064 16.65400784 38.8370064 0 P 0
L 16.14600784 39.8530064 17.16200784 39.8530064 0 P 0
L 16.14600784 49.85300672 16.65400784 48.83700672 0 P 0
L 16.14600784 49.85300672 17.16200784 49.85300672 0 P 0
L 16.14600784 59.85300704 16.65400784 58.83700704 0 P 0
L 16.14600784 59.85300704 17.16200784 59.85300704 0 P 0
L 16.14600784 64.8530072 16.65400784 63.8370072 0 P 0
L 16.14600784 64.8530072 17.16200784 64.8530072 0 P 0
L 16.14600784 79.85300768 16.65400784 78.83700768 0 P 0
L 16.14600784 79.85300768 17.16200784 79.85300768 0 P 0
L 16.14600784 84.85300784 16.65400784 83.83700784 0 P 0
L 16.14600784 84.85300784 17.16200784 84.85300784 0 P 0
L 16.20000062 2.69200122 16.70800062 3.70800122 0 P 0
L 16.26550976 23.76700098 16.77350976 24.78300098 0 P 0
L 16.49199902 5.30800056 16.99999902 4.29200056 0 P 0
L 16.49199902 5.30800056 17.50799902 5.30800056 0 P 0
L 16.59199882 9.70799938 17.09999882 8.69199938 0 P 0
L 16.59199882 9.70799938 17.60799882 9.70799938 0 P 0
L 16.59199882 10.50800032 17.09999882 9.49200032 0 P 0
L 16.59199882 10.50800032 17.60799882 10.50800032 0 P 0
L 16.64200126 11.33300248 17.15000126 10.31700248 0 P 0
L 16.64200126 11.33300248 17.65800126 11.33300248 0 P 0
L 16.65400784 28.83700608 17.16200784 29.85300608 0 P 0
L 16.65400784 33.83700624 17.16200784 34.85300624 0 P 0
L 16.65400784 38.8370064 17.16200784 39.8530064 0 P 0
L 16.65400784 48.83700672 17.16200784 49.85300672 0 P 0
L 16.65400784 58.83700704 17.16200784 59.85300704 0 P 0
L 16.65400784 63.8370072 17.16200784 64.8530072 0 P 0
L 16.65400784 78.83700768 17.16200784 79.85300768 0 P 0
L 16.65400784 83.83700784 17.16200784 84.85300784 0 P 0
L 16.99999902 4.29200056 17.50799902 5.30800056 0 P 0
L 17.09999882 8.69199938 17.60799882 9.70799938 0 P 0
L 17.09999882 9.49200032 17.60799882 10.50800032 0 P 0
L 17.15000126 10.31700248 17.65800126 11.33300248 0 P 0
L 17.19200016 29.90799962 17.70000016 28.89199962 0 P 0
L 17.19200016 29.90799962 18.20800016 29.90799962 0 P 0
L 17.59199936 9.70799938 18.09999936 8.69199938 0 P 0
L 17.59199936 9.70799938 18.60799936 9.70799938 0 P 0
L 17.59199936 17.60799882 18.09999936 16.59199882 0 P 0
L 17.59199936 17.60799882 18.60799936 17.60799882 0 P 0
L 17.70000016 28.89199962 18.20800016 29.90799962 0 P 0
L 17.79196848 13.70798376 18.29996848 12.69198376 0 P 0
L 17.79196848 13.70798376 18.80796848 13.70798376 0 P 0
L 17.9920011 70.9119994 18.2460011 71.4199994 0 P 0
L 17.9920011 70.9119994 18.5000011 71.1659994 0 P 0
L 17.9920011 71.9279994 18.2460011 71.4199994 0 P 0
L 17.9920011 71.9279994 18.5000011 71.6739994 0 P 0
L 17.9920011 75.9919994 18.2460011 76.4999994 0 P 0
L 17.9920011 75.9919994 18.5000011 76.2459994 0 P 0
L 17.9920011 77.0079994 18.2460011 76.4999994 0 P 0
L 17.9920011 77.0079994 18.5000011 76.7539994 0 P 0
L 17.9920011 81.0719994 18.2460011 81.5799994 0 P 0
L 17.9920011 81.0719994 18.5000011 81.3259994 0 P 0
L 17.9920011 82.0879994 18.2460011 81.5799994 0 P 0
L 17.9920011 82.0879994 18.5000011 81.8339994 0 P 0
L 18.01699978 21.1579968 18.52499978 20.1419968 0 P 0
L 18.01699978 21.1579968 19.03299978 21.1579968 0 P 0
L 18.09999936 8.69199938 18.60799936 9.70799938 0 P 0
L 18.09999936 16.59199882 18.60799936 17.60799882 0 P 0
L 18.13625024 23.1845358 18.64425024 22.1685358 0 P 0
L 18.13625024 23.1845358 19.15225024 23.1845358 0 P 0
L 18.1952011 71.1151994 18.3476011 71.4199994 0 P 0
L 18.1952011 71.1151994 18.5000011 71.2675994 0 P 0
L 18.1952011 71.7247994 18.3476011 71.4199994 0 P 0
L 18.1952011 71.7247994 18.5000011 71.5723994 0 P 0
L 18.1952011 76.1951994 18.3476011 76.4999994 0 P 0
L 18.1952011 76.1951994 18.5000011 76.3475994 0 P 0
L 18.1952011 76.8047994 18.3476011 76.4999994 0 P 0
L 18.1952011 76.8047994 18.5000011 76.6523994 0 P 0
L 18.1952011 81.2751994 18.3476011 81.5799994 0 P 0
L 18.1952011 81.2751994 18.5000011 81.4275994 0 P 0
L 18.1952011 81.8847994 18.3476011 81.5799994 0 P 0
L 18.1952011 81.8847994 18.5000011 81.7323994 0 P 0
L 18.29996848 12.69198376 18.80796848 13.70798376 0 P 0
L 18.4920001 9.70799938 19.0000001 8.69199938 0 P 0
L 18.4920001 9.70799938 19.5080001 9.70799938 0 P 0
L 18.4920001 17.60799882 19.0000001 16.59199882 0 P 0
L 18.4920001 17.60799882 19.5080001 17.60799882 0 P 0
L 18.5000011 71.1659994 19.0080011 70.9119994 0 P 0
L 18.5000011 71.2675994 18.8048011 71.1151994 0 P 0
L 18.5000011 71.5723994 18.8048011 71.7247994 0 P 0
L 18.5000011 71.6739994 19.0080011 71.9279994 0 P 0
L 18.5000011 76.2459994 19.0080011 75.9919994 0 P 0
L 18.5000011 76.3475994 18.8048011 76.1951994 0 P 0
L 18.5000011 76.6523994 18.8048011 76.8047994 0 P 0
L 18.5000011 76.7539994 19.0080011 77.0079994 0 P 0
L 18.5000011 81.3259994 19.0080011 81.0719994 0 P 0
L 18.5000011 81.4275994 18.8048011 81.2751994 0 P 0
L 18.5000011 81.7323994 18.8048011 81.8847994 0 P 0
L 18.5000011 81.8339994 19.0080011 82.0879994 0 P 0
L 18.52499978 20.1419968 19.03299978 21.1579968 0 P 0
L 18.64425024 22.1685358 19.15225024 23.1845358 0 P 0
L 18.6524011 71.4199994 18.8048011 71.1151994 0 P 0
L 18.6524011 71.4199994 18.8048011 71.7247994 0 P 0
L 18.6524011 76.4999994 18.8048011 76.1951994 0 P 0
L 18.6524011 76.4999994 18.8048011 76.8047994 0 P 0
L 18.6524011 81.5799994 18.8048011 81.2751994 0 P 0
L 18.6524011 81.5799994 18.8048011 81.8847994 0 P 0
L 18.7540011 71.4199994 19.0080011 70.9119994 0 P 0
L 18.7540011 71.4199994 19.0080011 71.9279994 0 P 0
L 18.7540011 76.4999994 19.0080011 75.9919994 0 P 0
L 18.7540011 76.4999994 19.0080011 77.0079994 0 P 0
L 18.7540011 81.5799994 19.0080011 81.0719994 0 P 0
L 18.7540011 81.5799994 19.0080011 82.0879994 0 P 0
L 18.90139984 29.45799798 19.40939984 28.44199798 0 P 0
L 18.90139984 29.45799798 19.91739984 29.45799798 0 P 0
L 19.0000001 8.69199938 19.5080001 9.70799938 0 P 0
L 19.0000001 16.59199882 19.5080001 17.60799882 0 P 0
L 19.34200094 9.70799938 19.85000094 8.69199938 0 P 0
L 19.34200094 9.70799938 20.35800094 9.70799938 0 P 0
L 19.40939984 28.44199798 19.91739984 29.45799798 0 P 0
L 19.49200064 17.60799882 20.00000064 16.59199882 0 P 0
L 19.49200064 17.60799882 20.50800064 17.60799882 0 P 0
L 19.69200024 21.40799884 20.20000024 20.39199884 0 P 0
L 19.69200024 21.40799884 20.70800024 21.40799884 0 P 0
L 19.69200024 23.00800072 20.20000024 21.99200072 0 P 0
L 19.69200024 23.00800072 20.70800024 23.00800072 0 P 0
L 19.85000094 8.69199938 20.35800094 9.70799938 0 P 0
L 20.00000064 16.59199882 20.50800064 17.60799882 0 P 0
L 20.20000024 20.39199884 20.70800024 21.40799884 0 P 0
L 20.20000024 21.99200072 20.70800024 23.00800072 0 P 0
L 20.24199914 9.70799938 20.74999914 8.69199938 0 P 0
L 20.24199914 9.70799938 21.25799914 9.70799938 0 P 0
L 20.24199914 10.80799972 20.74999914 9.79199972 0 P 0
L 20.24199914 10.80799972 21.25799914 10.80799972 0 P 0
L 20.24199914 11.88112432 20.74999914 10.86512432 0 P 0
L 20.24199914 11.88112432 21.25799914 11.88112432 0 P 0
L 20.24199914 15.55799784 20.74999914 14.54199784 0 P 0
L 20.24199914 15.55799784 21.25799914 15.55799784 0 P 0
L 20.24199914 16.40800122 20.74999914 15.39200122 0 P 0
L 20.24199914 16.40800122 21.25799914 16.40800122 0 P 0
L 20.39199884 20.20800124 20.89999884 19.19200124 0 P 0
L 20.39199884 20.20800124 21.40799884 20.20800124 0 P 0
L 20.59667204 23.75799922 21.10467204 22.74199922 0 P 0
L 20.59667204 23.75799922 21.61267204 23.75799922 0 P 0
L 20.74999914 8.69199938 21.25799914 9.70799938 0 P 0
L 20.74999914 9.79199972 21.25799914 10.80799972 0 P 0
L 20.74999914 10.86512432 21.25799914 11.88112432 0 P 0
L 20.74999914 14.54199784 21.25799914 15.55799784 0 P 0
L 20.74999914 15.39200122 21.25799914 16.40800122 0 P 0
L 20.79200058 33.70799964 21.30000058 32.69199964 0 P 0
L 20.79200058 33.70799964 21.80800058 33.70799964 0 P 0
L 20.89999884 19.19200124 21.40799884 20.20800124 0 P 0
L 20.99200018 59.00799984 21.50000018 57.99199984 0 P 0
L 20.99200018 59.00799984 22.00800018 59.00799984 0 P 0
L 21.10467204 22.74199922 21.61267204 23.75799922 0 P 0
L 21.146008 34.85300624 21.654008 33.83700624 0 P 0
L 21.146008 34.85300624 22.162008 34.85300624 0 P 0
L 21.146008 39.8530064 21.654008 38.8370064 0 P 0
L 21.146008 39.8530064 22.162008 39.8530064 0 P 0
L 21.146008 44.85300656 21.654008 43.83700656 0 P 0
L 21.146008 44.85300656 22.162008 44.85300656 0 P 0
L 21.146008 49.85300672 21.654008 48.83700672 0 P 0
L 21.146008 49.85300672 22.162008 49.85300672 0 P 0
L 21.146008 54.85300688 21.654008 53.83700688 0 P 0
L 21.146008 54.85300688 22.162008 54.85300688 0 P 0
L 21.146008 69.85300736 21.654008 68.83700736 0 P 0
L 21.146008 69.85300736 22.162008 69.85300736 0 P 0
L 21.146008 74.85300752 21.654008 73.83700752 0 P 0
L 21.146008 74.85300752 22.162008 74.85300752 0 P 0
L 21.146008 79.85300768 21.654008 78.83700768 0 P 0
L 21.146008 79.85300768 22.162008 79.85300768 0 P 0
L 21.146008 84.85300784 21.654008 83.83700784 0 P 0
L 21.146008 84.85300784 22.162008 84.85300784 0 P 0
L 21.19199978 11.90800006 21.69999978 10.89200006 0 P 0
L 21.19199978 11.90800006 22.20799978 11.90800006 0 P 0
L 21.19199978 12.8080008 21.69999978 11.7920008 0 P 0
L 21.19199978 12.8080008 22.20799978 12.8080008 0 P 0
L 21.19199978 13.707999 21.69999978 12.691999 0 P 0
L 21.19199978 13.707999 22.20799978 13.707999 0 P 0
L 21.19199978 14.60799974 21.69999978 13.59199974 0 P 0
L 21.19199978 14.60799974 22.20799978 14.60799974 0 P 0
L 21.19199978 15.50800048 21.69999978 14.49200048 0 P 0
L 21.19199978 15.50800048 22.20799978 15.50800048 0 P 0
L 21.30000058 32.69199964 21.80800058 33.70799964 0 P 0
L 21.39199938 24.30800066 21.89999938 23.29200066 0 P 0
L 21.39199938 24.30800066 22.40799938 24.30800066 0 P 0
L 21.39199938 31.8080009 21.89999938 30.7920009 0 P 0
L 21.39199938 31.8080009 22.40799938 31.8080009 0 P 0
L 21.50000018 57.99199984 22.00800018 59.00799984 0 P 0
L 21.654008 33.83700624 22.162008 34.85300624 0 P 0
L 21.654008 38.8370064 22.162008 39.8530064 0 P 0
L 21.654008 43.83700656 22.162008 44.85300656 0 P 0
L 21.654008 48.83700672 22.162008 49.85300672 0 P 0
L 21.654008 53.83700688 22.162008 54.85300688 0 P 0
L 21.654008 68.83700736 22.162008 69.85300736 0 P 0
L 21.654008 73.83700752 22.162008 74.85300752 0 P 0
L 21.654008 78.83700768 22.162008 79.85300768 0 P 0
L 21.654008 83.83700784 22.162008 84.85300784 0 P 0
L 21.69999978 10.89200006 22.20799978 11.90800006 0 P 0
L 21.69999978 11.7920008 22.20799978 12.8080008 0 P 0
L 21.69999978 12.691999 22.20799978 13.707999 0 P 0
L 21.69999978 13.59199974 22.20799978 14.60799974 0 P 0
L 21.69999978 14.49200048 22.20799978 15.50800048 0 P 0
L 21.89999938 23.29200066 22.40799938 24.30800066 0 P 0
L 21.89999938 30.7920009 22.40799938 31.8080009 0 P 0
L 22.69201456 8.50801448 23.20001456 7.49201448 0 P 0
L 22.69201456 8.50801448 23.70801456 8.50801448 0 P 0
L 22.89199892 59.50799884 23.39999892 58.49199884 0 P 0
L 22.89199892 59.50799884 23.90799892 59.50799884 0 P 0
L 23.09200106 30.20799902 23.60000106 29.19199902 0 P 0
L 23.09200106 30.20799902 24.10800106 30.20799902 0 P 0
L 23.20001456 7.49201448 23.70801456 8.50801448 0 P 0
L 23.39999892 58.49199884 23.90799892 59.50799884 0 P 0
L 23.49200026 15.50800048 24.00000026 14.49200048 0 P 0
L 23.49200026 15.50800048 24.50800026 15.50800048 0 P 0
L 23.60000106 29.19199902 24.10800106 30.20799902 0 P 0
L 23.87658928 8.25799974 24.38458928 7.24199974 0 P 0
L 23.87658928 8.25799974 24.89258928 8.25799974 0 P 0
L 23.99199926 59.50799884 24.49999926 58.49199884 0 P 0
L 23.99199926 59.50799884 25.00799926 59.50799884 0 P 0
L 23.99199926 62.00799892 24.49999926 60.99199892 0 P 0
L 23.99199926 62.00799892 25.00799926 62.00799892 0 P 0
L 24.00000026 14.49200048 24.50800026 15.50800048 0 P 0
L 24.24199876 20.00800164 24.74999876 18.99200164 0 P 0
L 24.24199876 20.00800164 25.25799876 20.00800164 0 P 0
L 24.38458928 7.24199974 24.89258928 8.25799974 0 P 0
L 24.49999926 58.49199884 25.00799926 59.50799884 0 P 0
L 24.49999926 60.99199892 25.00799926 62.00799892 0 P 0
L 24.74999876 18.99200164 25.25799876 20.00800164 0 P 0
L 25.21546392 10.90191622 25.72346392 9.88591622 0 P 0
L 25.21546392 10.90191622 26.23146392 10.90191622 0 P 0
L 25.24200438 68.50800116 25.75000438 67.49200116 0 P 0
L 25.24200438 68.50800116 26.25800438 68.50800116 0 P 0
L 25.391999 17.70800116 25.899999 16.69200116 0 P 0
L 25.391999 17.70800116 26.407999 17.70800116 0 P 0
L 25.72346392 9.88591622 26.23146392 10.90191622 0 P 0
L 25.75000438 67.49200116 26.25800438 68.50800116 0 P 0
L 25.899999 16.69200116 26.407999 17.70800116 0 P 0
L 25.99200034 10.00799878 26.50000034 8.99199878 0 P 0
L 25.99200034 10.00799878 27.00800034 10.00799878 0 P 0
L 26.14600816 19.85300576 26.65400816 18.83700576 0 P 0
L 26.14600816 19.85300576 27.16200816 19.85300576 0 P 0
L 26.14600816 39.8530064 26.65400816 38.8370064 0 P 0
L 26.14600816 39.8530064 27.16200816 39.8530064 0 P 0
L 26.14600816 44.85300656 26.65400816 43.83700656 0 P 0
L 26.14600816 44.85300656 27.16200816 44.85300656 0 P 0
L 26.14600816 49.85300672 26.65400816 48.83700672 0 P 0
L 26.14600816 49.85300672 27.16200816 49.85300672 0 P 0
L 26.14600816 69.85300736 26.65400816 68.83700736 0 P 0
L 26.14600816 69.85300736 27.16200816 69.85300736 0 P 0
L 26.14600816 74.85300752 26.65400816 73.83700752 0 P 0
L 26.14600816 74.85300752 27.16200816 74.85300752 0 P 0
L 26.14600816 79.85300768 26.65400816 78.83700768 0 P 0
L 26.14600816 79.85300768 27.16200816 79.85300768 0 P 0
L 26.18700122 12.708001 26.69500122 11.692001 0 P 0
L 26.18700122 12.708001 27.20300122 12.708001 0 P 0
L 26.49200188 70.91199432 26.74600188 71.41999432 0 P 0
L 26.49200188 70.91199432 27.00000188 71.16599432 0 P 0
L 26.49200188 71.92799432 26.74600188 71.41999432 0 P 0
L 26.49200188 71.92799432 27.00000188 71.67399432 0 P 0
L 26.49200188 75.99199432 26.74600188 76.49999432 0 P 0
L 26.49200188 75.99199432 27.00000188 76.24599432 0 P 0
L 26.49200188 77.00799432 26.74600188 76.49999432 0 P 0
L 26.49200188 77.00799432 27.00000188 76.75399432 0 P 0
L 26.49200188 81.07199432 26.74600188 81.57999432 0 P 0
L 26.49200188 81.07199432 27.00000188 81.32599432 0 P 0
L 26.49200188 82.08799432 26.74600188 81.57999432 0 P 0
L 26.49200188 82.08799432 27.00000188 81.83399432 0 P 0
L 26.50000034 8.99199878 27.00800034 10.00799878 0 P 0
L 26.65400816 18.83700576 27.16200816 19.85300576 0 P 0
L 26.65400816 38.8370064 27.16200816 39.8530064 0 P 0
L 26.65400816 43.83700656 27.16200816 44.85300656 0 P 0
L 26.65400816 48.83700672 27.16200816 49.85300672 0 P 0
L 26.65400816 68.83700736 27.16200816 69.85300736 0 P 0
L 26.65400816 73.83700752 27.16200816 74.85300752 0 P 0
L 26.65400816 78.83700768 27.16200816 79.85300768 0 P 0
L 26.69500122 11.692001 27.20300122 12.708001 0 P 0
L 26.69520188 71.11519432 26.84760188 71.41999432 0 P 0
L 26.69520188 71.11519432 27.00000188 71.26759432 0 P 0
L 26.69520188 71.72479432 26.84760188 71.41999432 0 P 0
L 26.69520188 71.72479432 27.00000188 71.57239432 0 P 0
L 26.69520188 76.19519432 26.84760188 76.49999432 0 P 0
L 26.69520188 76.19519432 27.00000188 76.34759432 0 P 0
L 26.69520188 76.80479432 26.84760188 76.49999432 0 P 0
L 26.69520188 76.80479432 27.00000188 76.65239432 0 P 0
L 26.69520188 81.27519432 26.84760188 81.57999432 0 P 0
L 26.69520188 81.27519432 27.00000188 81.42759432 0 P 0
L 26.69520188 81.88479432 26.84760188 81.57999432 0 P 0
L 26.69520188 81.88479432 27.00000188 81.73239432 0 P 0
L 26.99200088 14.80799934 27.50000088 13.79199934 0 P 0
L 26.99200088 14.80799934 28.00800088 14.80799934 0 P 0
L 27.00000188 71.16599432 27.50800188 70.91199432 0 P 0
L 27.00000188 71.26759432 27.30480188 71.11519432 0 P 0
L 27.00000188 71.57239432 27.30480188 71.72479432 0 P 0
L 27.00000188 71.67399432 27.50800188 71.92799432 0 P 0
L 27.00000188 76.24599432 27.50800188 75.99199432 0 P 0
L 27.00000188 76.34759432 27.30480188 76.19519432 0 P 0
L 27.00000188 76.65239432 27.30480188 76.80479432 0 P 0
L 27.00000188 76.75399432 27.50800188 77.00799432 0 P 0
L 27.00000188 81.32599432 27.50800188 81.07199432 0 P 0
L 27.00000188 81.42759432 27.30480188 81.27519432 0 P 0
L 27.00000188 81.73239432 27.30480188 81.88479432 0 P 0
L 27.00000188 81.83399432 27.50800188 82.08799432 0 P 0
L 27.15240188 71.41999432 27.30480188 71.11519432 0 P 0
L 27.15240188 71.41999432 27.30480188 71.72479432 0 P 0
L 27.15240188 76.49999432 27.30480188 76.19519432 0 P 0
L 27.15240188 76.49999432 27.30480188 76.80479432 0 P 0
L 27.15240188 81.57999432 27.30480188 81.27519432 0 P 0
L 27.15240188 81.57999432 27.30480188 81.88479432 0 P 0
L 27.24200038 87.00799972 27.75000038 85.99199972 0 P 0
L 27.24200038 87.00799972 28.25800038 87.00799972 0 P 0
L 27.25400188 71.41999432 27.50800188 70.91199432 0 P 0
L 27.25400188 71.41999432 27.50800188 71.92799432 0 P 0
L 27.25400188 76.49999432 27.50800188 75.99199432 0 P 0
L 27.25400188 76.49999432 27.50800188 77.00799432 0 P 0
L 27.25400188 81.57999432 27.50800188 81.07199432 0 P 0
L 27.25400188 81.57999432 27.50800188 82.08799432 0 P 0
L 27.29200028 63.20799906 27.80000028 62.19199906 0 P 0
L 27.29200028 63.20799906 28.30800028 63.20799906 0 P 0
L 27.50000088 13.79199934 28.00800088 14.80799934 0 P 0
L 27.75000038 85.99199972 28.25800038 87.00799972 0 P 0
L 27.80000028 62.19199906 28.30800028 63.20799906 0 P 0
L 28.29200082 60.833 28.80000082 59.817 0 P 0
L 28.29200082 60.833 29.30800082 60.833 0 P 0
L 28.44200814 4.60600552 28.95000814 3.59000552 0 P 0
L 28.44200814 4.60600552 29.45800814 4.60600552 0 P 0
L 28.44200814 6.22007392 28.95000814 5.20407392 0 P 0
L 28.44200814 6.22007392 29.45800814 6.22007392 0 P 0
L 28.79199982 62.30800086 29.29999982 61.29200086 0 P 0
L 28.79199982 62.30800086 29.80799982 62.30800086 0 P 0
L 28.80000082 59.817 29.30800082 60.833 0 P 0
L 28.89199962 66.00800108 29.39999962 64.99200108 0 P 0
L 28.89199962 66.00800108 29.90799962 66.00800108 0 P 0
L 28.95000814 3.59000552 29.45800814 4.60600552 0 P 0
L 28.95000814 5.20407392 29.45800814 6.22007392 0 P 0
L 29.2620065 22.96299954 29.7700065 21.94699954 0 P 0
L 29.2620065 22.96299954 30.2780065 22.96299954 0 P 0
L 29.29999982 61.29200086 29.80799982 62.30800086 0 P 0
L 29.39999962 64.99200108 29.90799962 66.00800108 0 P 0
L 29.7700065 21.94699954 30.2780065 22.96299954 0 P 0
L 29.79200036 12.50799886 30.30000036 11.49199886 0 P 0
L 29.79200036 12.50799886 30.80800036 12.50799886 0 P 0
L 29.99199996 19.5080001 30.49999996 18.4920001 0 P 0
L 29.99199996 19.5080001 31.00799996 19.5080001 0 P 0
L 30.25375458 64.73515628 30.76175458 63.71915628 0 P 0
L 30.25375458 64.73515628 31.26975458 64.73515628 0 P 0
L 30.30000036 11.49199886 30.80800036 12.50799886 0 P 0
L 30.49999996 18.4920001 31.00799996 19.5080001 0 P 0
L 30.59199876 79.50799948 31.09999876 78.49199948 0 P 0
L 30.59199876 79.50799948 31.60799876 79.50799948 0 P 0
L 30.59200892 4.62408016 31.10000892 3.60808016 0 P 0
L 30.59200892 4.62408016 31.60800892 4.62408016 0 P 0
L 30.76175458 63.71915628 31.26975458 64.73515628 0 P 0
L 31.09999876 78.49199948 31.60799876 79.50799948 0 P 0
L 31.10000892 3.60808016 31.60800892 4.62408016 0 P 0
L 31.14600832 9.85300544 31.65400832 8.83700544 0 P 0
L 31.14600832 9.85300544 32.16200832 9.85300544 0 P 0
L 31.14600832 19.85300576 31.65400832 18.83700576 0 P 0
L 31.14600832 19.85300576 32.16200832 19.85300576 0 P 0
L 31.14600832 34.85300624 31.65400832 33.83700624 0 P 0
L 31.14600832 34.85300624 32.16200832 34.85300624 0 P 0
L 31.14600832 44.85300656 31.65400832 43.83700656 0 P 0
L 31.14600832 44.85300656 32.16200832 44.85300656 0 P 0
L 31.14600832 64.8530072 31.65400832 63.8370072 0 P 0
L 31.14600832 64.8530072 32.16200832 64.8530072 0 P 0
L 31.14600832 69.85300736 31.65400832 68.83700736 0 P 0
L 31.14600832 69.85300736 32.16200832 69.85300736 0 P 0
L 31.65400832 8.83700544 32.16200832 9.85300544 0 P 0
L 31.65400832 18.83700576 32.16200832 19.85300576 0 P 0
L 31.65400832 33.83700624 32.16200832 34.85300624 0 P 0
L 31.65400832 43.83700656 32.16200832 44.85300656 0 P 0
L 31.65400832 63.8370072 32.16200832 64.8530072 0 P 0
L 31.65400832 68.83700736 32.16200832 69.85300736 0 P 0
L 31.6919991 25.39733808 32.1999991 24.38133808 0 P 0
L 31.6919991 25.39733808 32.7079991 25.39733808 0 P 0
L 32.1999991 24.38133808 32.7079991 25.39733808 0 P 0
L 32.25213514 26.10178422 32.76013514 25.08578422 0 P 0
L 32.25213514 26.10178422 33.26813514 26.10178422 0 P 0
L 32.76013514 25.08578422 33.26813514 26.10178422 0 P 0
L 32.99199904 74.49199986 32.99199904 75.50799986 0 P 0
L 32.99199904 74.49199986 34.00799904 74.49199986 0 P 0
L 32.99199904 75.50799986 34.00799904 75.50799986 0 P 0
L 33.79199998 23.60799952 34.29999998 22.59199952 0 P 0
L 33.79199998 23.60799952 34.80799998 23.60799952 0 P 0
L 33.99199958 3.90800082 34.49999958 2.89200082 0 P 0
L 33.99199958 3.90800082 35.00799958 3.90800082 0 P 0
L 34.00799904 74.49199986 34.00799904 75.50799986 0 P 0
L 34.19199918 87.00799972 34.69999918 85.99199972 0 P 0
L 34.19199918 87.00799972 35.20799918 87.00799972 0 P 0
L 34.29200152 15.64599868 34.29200152 16.15399868 0 P 0
L 34.29200152 15.64599868 34.54600152 15.64599868 0 P 0
L 34.29200152 16.15399868 34.54600152 16.15399868 0 P 0
L 34.29999998 22.59199952 34.80799998 23.60799952 0 P 0
L 34.49999958 2.89200082 35.00799958 3.90800082 0 P 0
L 34.54600152 15.39199868 34.54600152 15.64599868 0 P 0
L 34.54600152 15.39199868 35.05400152 15.39199868 0 P 0
L 34.54600152 16.15399868 34.54600152 16.40799868 0 P 0
L 34.54600152 16.40799868 35.05400152 16.40799868 0 P 0
L 34.60078932 66.00050808 35.10878932 65.49250808 0 P 0
L 34.60078932 66.00050808 35.10878932 66.50850808 0 P 0
L 34.69999918 85.99199972 35.20799918 87.00799972 0 P 0
L 35.05400152 15.39199868 35.05400152 15.64599868 0 P 0
L 35.05400152 15.64599868 35.30800152 15.64599868 0 P 0
L 35.05400152 16.15399868 35.05400152 16.40799868 0 P 0
L 35.05400152 16.15399868 35.30800152 16.15399868 0 P 0
L 35.10878932 65.49250808 35.61678932 66.00050808 0 P 0
L 35.10878932 66.50850808 35.61678932 66.00050808 0 P 0
L 35.30800152 15.64599868 35.30800152 16.15399868 0 P 0
L 35.69200126 27.40799954 36.20000126 26.39199954 0 P 0
L 35.69200126 27.40799954 36.70800126 27.40799954 0 P 0
L 36.14600848 4.85300528 36.65400848 3.83700528 0 P 0
L 36.14600848 4.85300528 37.16200848 4.85300528 0 P 0
L 36.14600848 9.85300544 36.65400848 8.83700544 0 P 0
L 36.14600848 9.85300544 37.16200848 9.85300544 0 P 0
L 36.14600848 34.85300624 36.65400848 33.83700624 0 P 0
L 36.14600848 34.85300624 37.16200848 34.85300624 0 P 0
L 36.14600848 39.8530064 36.65400848 38.8370064 0 P 0
L 36.14600848 39.8530064 37.16200848 39.8530064 0 P 0
L 36.14600848 49.85300672 36.65400848 48.83700672 0 P 0
L 36.14600848 49.85300672 37.16200848 49.85300672 0 P 0
L 36.14600848 69.85300736 36.65400848 68.83700736 0 P 0
L 36.14600848 69.85300736 37.16200848 69.85300736 0 P 0
L 36.14600848 74.85300752 36.65400848 73.83700752 0 P 0
L 36.14600848 74.85300752 37.16200848 74.85300752 0 P 0
L 36.19200026 54.80800062 36.70000026 53.79200062 0 P 0
L 36.19200026 54.80800062 37.20800026 54.80800062 0 P 0
L 36.20000126 26.39199954 36.70800126 27.40799954 0 P 0
L 36.34199996 22.0877384 36.84999996 21.0717384 0 P 0
L 36.34199996 22.0877384 37.35799996 22.0877384 0 P 0
L 36.65400848 3.83700528 37.16200848 4.85300528 0 P 0
L 36.65400848 8.83700544 37.16200848 9.85300544 0 P 0
L 36.65400848 33.83700624 37.16200848 34.85300624 0 P 0
L 36.65400848 38.8370064 37.16200848 39.8530064 0 P 0
L 36.65400848 48.83700672 37.16200848 49.85300672 0 P 0
L 36.65400848 68.83700736 37.16200848 69.85300736 0 P 0
L 36.65400848 73.83700752 37.16200848 74.85300752 0 P 0
L 36.70000026 53.79200062 37.20800026 54.80800062 0 P 0
L 36.84999996 21.0717384 37.35799996 22.0877384 0 P 0
L 37.092001 59.70800098 37.600001 58.69200098 0 P 0
L 37.092001 59.70800098 38.108001 59.70800098 0 P 0
L 37.092001 63.4080012 37.600001 62.3920012 0 P 0
L 37.092001 63.4080012 38.108001 63.4080012 0 P 0
L 37.600001 58.69200098 38.108001 59.70800098 0 P 0
L 37.600001 62.3920012 38.108001 63.4080012 0 P 0
L 38.1919988 10.70799992 38.6999988 9.69199992 0 P 0
L 38.1919988 10.70799992 39.2079988 10.70799992 0 P 0
L 38.1919988 13.8079988 38.6999988 12.7919988 0 P 0
L 38.1919988 13.8079988 39.2079988 13.8079988 0 P 0
L 38.1919988 15.10799874 38.6999988 14.09199874 0 P 0
L 38.1919988 15.10799874 39.2079988 15.10799874 0 P 0
L 38.6999988 9.69199992 39.2079988 10.70799992 0 P 0
L 38.6999988 12.7919988 39.2079988 13.8079988 0 P 0
L 38.6999988 14.09199874 39.2079988 15.10799874 0 P 0
L 39.49199366 70.91199432 39.74599366 71.41999432 0 P 0
L 39.49199366 70.91199432 39.99999366 71.16599432 0 P 0
L 39.49199366 71.92799432 39.74599366 71.41999432 0 P 0
L 39.49199366 71.92799432 39.99999366 71.67399432 0 P 0
L 39.49199366 75.99199432 39.74599366 76.49999432 0 P 0
L 39.49199366 75.99199432 39.99999366 76.24599432 0 P 0
L 39.49199366 77.00799432 39.74599366 76.49999432 0 P 0
L 39.49199366 77.00799432 39.99999366 76.75399432 0 P 0
L 39.49199366 81.07199432 39.74599366 81.57999432 0 P 0
L 39.49199366 81.07199432 39.99999366 81.32599432 0 P 0
L 39.49199366 82.08799432 39.74599366 81.57999432 0 P 0
L 39.49199366 82.08799432 39.99999366 81.83399432 0 P 0
L 39.69519366 71.11519432 39.84759366 71.41999432 0 P 0
L 39.69519366 71.11519432 39.99999366 71.26759432 0 P 0
L 39.69519366 71.72479432 39.84759366 71.41999432 0 P 0
L 39.69519366 71.72479432 39.99999366 71.57239432 0 P 0
L 39.69519366 76.19519432 39.84759366 76.49999432 0 P 0
L 39.69519366 76.19519432 39.99999366 76.34759432 0 P 0
L 39.69519366 76.80479432 39.84759366 76.49999432 0 P 0
L 39.69519366 76.80479432 39.99999366 76.65239432 0 P 0
L 39.69519366 81.27519432 39.84759366 81.57999432 0 P 0
L 39.69519366 81.27519432 39.99999366 81.42759432 0 P 0
L 39.69519366 81.88479432 39.84759366 81.57999432 0 P 0
L 39.69519366 81.88479432 39.99999366 81.73239432 0 P 0
L 39.99999366 71.16599432 40.50799366 70.91199432 0 P 0
L 39.99999366 71.26759432 40.30479366 71.11519432 0 P 0
L 39.99999366 71.57239432 40.30479366 71.72479432 0 P 0
L 39.99999366 71.67399432 40.50799366 71.92799432 0 P 0
L 39.99999366 76.24599432 40.50799366 75.99199432 0 P 0
L 39.99999366 76.34759432 40.30479366 76.19519432 0 P 0
L 39.99999366 76.65239432 40.30479366 76.80479432 0 P 0
L 39.99999366 76.75399432 40.50799366 77.00799432 0 P 0
L 39.99999366 81.32599432 40.50799366 81.07199432 0 P 0
L 39.99999366 81.42759432 40.30479366 81.27519432 0 P 0
L 39.99999366 81.73239432 40.30479366 81.88479432 0 P 0
L 39.99999366 81.83399432 40.50799366 82.08799432 0 P 0
L 40.15239366 71.41999432 40.30479366 71.11519432 0 P 0
L 40.15239366 71.41999432 40.30479366 71.72479432 0 P 0
L 40.15239366 76.49999432 40.30479366 76.19519432 0 P 0
L 40.15239366 76.49999432 40.30479366 76.80479432 0 P 0
L 40.15239366 81.57999432 40.30479366 81.27519432 0 P 0
L 40.15239366 81.57999432 40.30479366 81.88479432 0 P 0
L 40.25399366 71.41999432 40.50799366 70.91199432 0 P 0
L 40.25399366 71.41999432 40.50799366 71.92799432 0 P 0
L 40.25399366 76.49999432 40.50799366 75.99199432 0 P 0
L 40.25399366 76.49999432 40.50799366 77.00799432 0 P 0
L 40.25399366 81.57999432 40.50799366 81.07199432 0 P 0
L 40.25399366 81.57999432 40.50799366 82.08799432 0 P 0
L 40.59199908 10.70799992 41.09999908 9.69199992 0 P 0
L 40.59199908 10.70799992 41.60799908 10.70799992 0 P 0
L 40.69199888 13.8079988 41.19999888 12.7919988 0 P 0
L 40.69199888 13.8079988 41.70799888 13.8079988 0 P 0
L 41.09999908 9.69199992 41.60799908 10.70799992 0 P 0
L 41.14600864 4.85300528 41.65400864 3.83700528 0 P 0
L 41.14600864 4.85300528 42.16200864 4.85300528 0 P 0
L 41.14600864 29.85300608 41.65400864 28.83700608 0 P 0
L 41.14600864 29.85300608 42.16200864 29.85300608 0 P 0
L 41.14600864 34.85300624 41.65400864 33.83700624 0 P 0
L 41.14600864 34.85300624 42.16200864 34.85300624 0 P 0
L 41.14600864 39.8530064 41.65400864 38.8370064 0 P 0
L 41.14600864 39.8530064 42.16200864 39.8530064 0 P 0
L 41.14600864 44.85300656 41.65400864 43.83700656 0 P 0
L 41.14600864 44.85300656 42.16200864 44.85300656 0 P 0
L 41.14600864 54.85300688 41.65400864 53.83700688 0 P 0
L 41.14600864 54.85300688 42.16200864 54.85300688 0 P 0
L 41.14600864 64.8530072 41.65400864 63.8370072 0 P 0
L 41.14600864 64.8530072 42.16200864 64.8530072 0 P 0
L 41.14600864 69.85300736 41.65400864 68.83700736 0 P 0
L 41.14600864 69.85300736 42.16200864 69.85300736 0 P 0
L 41.14600864 74.85300752 41.65400864 73.83700752 0 P 0
L 41.14600864 74.85300752 42.16200864 74.85300752 0 P 0
L 41.19999888 12.7919988 41.70799888 13.8079988 0 P 0
L 41.65400864 3.83700528 42.16200864 4.85300528 0 P 0
L 41.65400864 28.83700608 42.16200864 29.85300608 0 P 0
L 41.65400864 33.83700624 42.16200864 34.85300624 0 P 0
L 41.65400864 38.8370064 42.16200864 39.8530064 0 P 0
L 41.65400864 43.83700656 42.16200864 44.85300656 0 P 0
L 41.65400864 53.83700688 42.16200864 54.85300688 0 P 0
L 41.65400864 63.8370072 42.16200864 64.8530072 0 P 0
L 41.65400864 68.83700736 42.16200864 69.85300736 0 P 0
L 41.65400864 73.83700752 42.16200864 74.85300752 0 P 0
L 42.03199366 82.47489728 42.53999366 81.45889728 0 P 0
L 42.03199366 82.47489728 43.04799366 82.47489728 0 P 0
L 42.29200076 77.60800074 42.80000076 76.59200074 0 P 0
L 42.29200076 77.60800074 43.30800076 77.60800074 0 P 0
L 42.53999366 81.45889728 43.04799366 82.47489728 0 P 0
L 42.80000076 76.59200074 43.30800076 77.60800074 0 P 0
L 43.33623286 50.44807792 43.84423286 49.43207792 0 P 0
L 43.33623286 50.44807792 44.35223286 50.44807792 0 P 0
L 43.5920007 75.90799906 44.1000007 74.89199906 0 P 0
L 43.5920007 75.90799906 44.6080007 75.90799906 0 P 0
L 43.5920007 86.60800052 44.1000007 85.59200052 0 P 0
L 43.5920007 86.60800052 44.6080007 86.60800052 0 P 0
L 43.7920003 51.5079996 44.3000003 50.4919996 0 P 0
L 43.7920003 51.5079996 44.8080003 51.5079996 0 P 0
L 43.84423286 49.43207792 44.35223286 50.44807792 0 P 0
L 44.1000007 74.89199906 44.6080007 75.90799906 0 P 0
L 44.1000007 85.59200052 44.6080007 86.60800052 0 P 0
L 44.3000003 50.4919996 44.8080003 51.5079996 0 P 0
L 44.58480288 52.3063089 45.09280288 51.2903089 0 P 0
L 44.58480288 52.3063089 45.60080288 52.3063089 0 P 0
L 44.89200064 15.10799874 45.40000064 14.09199874 0 P 0
L 44.89200064 15.10799874 45.90800064 15.10799874 0 P 0
L 44.99200044 18.90799876 45.50000044 17.89199876 0 P 0
L 44.99200044 18.90799876 46.00800044 18.90799876 0 P 0
L 44.99200044 22.00800018 45.50000044 20.99200018 0 P 0
L 44.99200044 22.00800018 46.00800044 22.00800018 0 P 0
L 45.09280288 51.2903089 45.60080288 52.3063089 0 P 0
L 45.32562944 53.00631004 45.83362944 51.99031004 0 P 0
L 45.32562944 53.00631004 46.34162944 53.00631004 0 P 0
L 45.40000064 14.09199874 45.90800064 15.10799874 0 P 0
L 45.50000044 17.89199876 46.00800044 18.90799876 0 P 0
L 45.50000044 20.99200018 46.00800044 22.00800018 0 P 0
L 45.83362944 51.99031004 46.34162944 53.00631004 0 P 0
L 46.1460088 29.85300608 46.6540088 28.83700608 0 P 0
L 46.1460088 29.85300608 47.1620088 29.85300608 0 P 0
L 46.1460088 34.85300624 46.6540088 33.83700624 0 P 0
L 46.1460088 34.85300624 47.1620088 34.85300624 0 P 0
L 46.1460088 39.8530064 46.6540088 38.8370064 0 P 0
L 46.1460088 39.8530064 47.1620088 39.8530064 0 P 0
L 46.1460088 44.85300656 46.6540088 43.83700656 0 P 0
L 46.1460088 44.85300656 47.1620088 44.85300656 0 P 0
L 46.1460088 49.85300672 46.6540088 48.83700672 0 P 0
L 46.1460088 49.85300672 47.1620088 49.85300672 0 P 0
L 46.1460088 64.8530072 46.6540088 63.8370072 0 P 0
L 46.1460088 64.8530072 47.1620088 64.8530072 0 P 0
L 46.1460088 69.85300736 46.6540088 68.83700736 0 P 0
L 46.1460088 69.85300736 47.1620088 69.85300736 0 P 0
L 46.1460088 74.85300752 46.6540088 73.83700752 0 P 0
L 46.1460088 74.85300752 47.1620088 74.85300752 0 P 0
L 46.1460088 79.85300768 46.6540088 78.83700768 0 P 0
L 46.1460088 79.85300768 47.1620088 79.85300768 0 P 0
L 46.19200058 10.70799992 46.70000058 9.69199992 0 P 0
L 46.19200058 10.70799992 47.20800058 10.70799992 0 P 0
L 46.19200058 13.8079988 46.70000058 12.7919988 0 P 0
L 46.19200058 13.8079988 47.20800058 13.8079988 0 P 0
L 46.39200018 75.90799906 46.90000018 74.89199906 0 P 0
L 46.39200018 75.90799906 47.40800018 75.90799906 0 P 0
L 46.6540088 28.83700608 47.1620088 29.85300608 0 P 0
L 46.6540088 33.83700624 47.1620088 34.85300624 0 P 0
L 46.6540088 38.8370064 47.1620088 39.8530064 0 P 0
L 46.6540088 43.83700656 47.1620088 44.85300656 0 P 0
L 46.6540088 48.83700672 47.1620088 49.85300672 0 P 0
L 46.6540088 63.8370072 47.1620088 64.8530072 0 P 0
L 46.6540088 68.83700736 47.1620088 69.85300736 0 P 0
L 46.6540088 73.83700752 47.1620088 74.85300752 0 P 0
L 46.6540088 78.83700768 47.1620088 79.85300768 0 P 0
L 46.70000058 9.69199992 47.20800058 10.70799992 0 P 0
L 46.70000058 12.7919988 47.20800058 13.8079988 0 P 0
L 46.90000018 74.89199906 47.40800018 75.90799906 0 P 0
L 47.99199952 70.9119994 48.24599952 71.4199994 0 P 0
L 47.99199952 70.9119994 48.49999952 71.1659994 0 P 0
L 47.99199952 71.9279994 48.24599952 71.4199994 0 P 0
L 47.99199952 71.9279994 48.49999952 71.6739994 0 P 0
L 47.99199952 73.4519994 48.24599952 73.9599994 0 P 0
L 47.99199952 73.4519994 48.49999952 73.7059994 0 P 0
L 47.99199952 74.4679994 48.24599952 73.9599994 0 P 0
L 47.99199952 74.4679994 48.49999952 74.2139994 0 P 0
L 47.99199952 75.9919994 48.24599952 76.4999994 0 P 0
L 47.99199952 75.9919994 48.49999952 76.2459994 0 P 0
L 47.99199952 77.0079994 48.24599952 76.4999994 0 P 0
L 47.99199952 77.0079994 48.49999952 76.7539994 0 P 0
L 47.99199952 81.0719994 48.24599952 81.5799994 0 P 0
L 47.99199952 81.0719994 48.49999952 81.3259994 0 P 0
L 47.99199952 82.0879994 48.24599952 81.5799994 0 P 0
L 47.99199952 82.0879994 48.49999952 81.8339994 0 P 0
L 48.19199912 18.90799876 48.69999912 17.89199876 0 P 0
L 48.19199912 18.90799876 49.20799912 18.90799876 0 P 0
L 48.19519952 71.1151994 48.34759952 71.4199994 0 P 0
L 48.19519952 71.1151994 48.49999952 71.2675994 0 P 0
L 48.19519952 71.7247994 48.34759952 71.4199994 0 P 0
L 48.19519952 71.7247994 48.49999952 71.5723994 0 P 0
L 48.19519952 73.6551994 48.34759952 73.9599994 0 P 0
L 48.19519952 73.6551994 48.49999952 73.8075994 0 P 0
L 48.19519952 74.2647994 48.34759952 73.9599994 0 P 0
L 48.19519952 74.2647994 48.49999952 74.1123994 0 P 0
L 48.19519952 76.1951994 48.34759952 76.4999994 0 P 0
L 48.19519952 76.1951994 48.49999952 76.3475994 0 P 0
L 48.19519952 76.8047994 48.34759952 76.4999994 0 P 0
L 48.19519952 76.8047994 48.49999952 76.6523994 0 P 0
L 48.19519952 81.2751994 48.34759952 81.5799994 0 P 0
L 48.19519952 81.2751994 48.49999952 81.4275994 0 P 0
L 48.19519952 81.8847994 48.34759952 81.5799994 0 P 0
L 48.19519952 81.8847994 48.49999952 81.7323994 0 P 0
L 48.49999952 71.1659994 49.00799952 70.9119994 0 P 0
L 48.49999952 71.2675994 48.80479952 71.1151994 0 P 0
L 48.49999952 71.5723994 48.80479952 71.7247994 0 P 0
L 48.49999952 71.6739994 49.00799952 71.9279994 0 P 0
L 48.49999952 73.7059994 49.00799952 73.4519994 0 P 0
L 48.49999952 73.8075994 48.80479952 73.6551994 0 P 0
L 48.49999952 74.1123994 48.80479952 74.2647994 0 P 0
L 48.49999952 74.2139994 49.00799952 74.4679994 0 P 0
L 48.49999952 76.2459994 49.00799952 75.9919994 0 P 0
L 48.49999952 76.3475994 48.80479952 76.1951994 0 P 0
L 48.49999952 76.6523994 48.80479952 76.8047994 0 P 0
L 48.49999952 76.7539994 49.00799952 77.0079994 0 P 0
L 48.49999952 81.3259994 49.00799952 81.0719994 0 P 0
L 48.49999952 81.4275994 48.80479952 81.2751994 0 P 0
L 48.49999952 81.7323994 48.80479952 81.8847994 0 P 0
L 48.49999952 81.8339994 49.00799952 82.0879994 0 P 0
L 48.59200086 13.8079988 49.10000086 12.7919988 0 P 0
L 48.59200086 13.8079988 49.60800086 13.8079988 0 P 0
L 48.65239952 71.4199994 48.80479952 71.1151994 0 P 0
L 48.65239952 71.4199994 48.80479952 71.7247994 0 P 0
L 48.65239952 73.9599994 48.80479952 73.6551994 0 P 0
L 48.65239952 73.9599994 48.80479952 74.2647994 0 P 0
L 48.65239952 76.4999994 48.80479952 76.1951994 0 P 0
L 48.65239952 76.4999994 48.80479952 76.8047994 0 P 0
L 48.65239952 81.5799994 48.80479952 81.2751994 0 P 0
L 48.65239952 81.5799994 48.80479952 81.8847994 0 P 0
L 48.69999912 17.89199876 49.20799912 18.90799876 0 P 0
L 48.75399952 71.4199994 49.00799952 70.9119994 0 P 0
L 48.75399952 71.4199994 49.00799952 71.9279994 0 P 0
L 48.75399952 73.9599994 49.00799952 73.4519994 0 P 0
L 48.75399952 73.9599994 49.00799952 74.4679994 0 P 0
L 48.75399952 76.4999994 49.00799952 75.9919994 0 P 0
L 48.75399952 76.4999994 49.00799952 77.0079994 0 P 0
L 48.75399952 81.5799994 49.00799952 81.0719994 0 P 0
L 48.75399952 81.5799994 49.00799952 82.0879994 0 P 0
L 48.89200026 80.30800042 49.40000026 79.29200042 0 P 0
L 48.89200026 80.30800042 49.90800026 80.30800042 0 P 0
L 49.10000086 12.7919988 49.60800086 13.8079988 0 P 0
L 49.39199926 13.8079988 49.89999926 12.7919988 0 P 0
L 49.39199926 13.8079988 50.40799926 13.8079988 0 P 0
L 49.40000026 79.29200042 49.90800026 80.30800042 0 P 0
L 49.59199886 22.80800112 50.09999886 21.79200112 0 P 0
L 49.59199886 22.80800112 50.60799886 22.80800112 0 P 0
L 49.89999926 12.7919988 50.40799926 13.8079988 0 P 0
L 50.09999886 21.79200112 50.60799886 22.80800112 0 P 0
L 50.22906896 5.80799956 50.73706896 4.79199956 0 P 0
L 50.22906896 5.80799956 51.24506896 5.80799956 0 P 0
L 50.292 28.00800088 50.8 26.99200088 0 P 0
L 50.292 28.00800088 51.308 28.00800088 0 P 0
L 50.73706896 4.79199956 51.24506896 5.80799956 0 P 0
L 50.8 26.99200088 51.308 28.00800088 0 P 0
L 50.8919988 4.30800002 51.3999988 3.29200002 0 P 0
L 50.8919988 4.30800002 51.9079988 4.30800002 0 P 0
L 50.8919988 7.2079993 51.3999988 6.1919993 0 P 0
L 50.8919988 7.2079993 51.9079988 7.2079993 0 P 0
L 51.14600896 29.85300608 51.65400896 28.83700608 0 P 0
L 51.14600896 29.85300608 52.16200896 29.85300608 0 P 0
L 51.14600896 34.85300624 51.65400896 33.83700624 0 P 0
L 51.14600896 34.85300624 52.16200896 34.85300624 0 P 0
L 51.14600896 39.8530064 51.65400896 38.8370064 0 P 0
L 51.14600896 39.8530064 52.16200896 39.8530064 0 P 0
L 51.14600896 44.85300656 51.65400896 43.83700656 0 P 0
L 51.14600896 44.85300656 52.16200896 44.85300656 0 P 0
L 51.14600896 49.85300672 51.65400896 48.83700672 0 P 0
L 51.14600896 49.85300672 52.16200896 49.85300672 0 P 0
L 51.14600896 54.85300688 51.65400896 53.83700688 0 P 0
L 51.14600896 54.85300688 52.16200896 54.85300688 0 P 0
L 51.14600896 64.8530072 51.65400896 63.8370072 0 P 0
L 51.14600896 64.8530072 52.16200896 64.8530072 0 P 0
L 51.14600896 69.85300736 51.65400896 68.83700736 0 P 0
L 51.14600896 69.85300736 52.16200896 69.85300736 0 P 0
L 51.39200034 18.90799876 51.90000034 17.89199876 0 P 0
L 51.39200034 18.90799876 52.40800034 18.90799876 0 P 0
L 51.39200034 22.00800018 51.90000034 20.99200018 0 P 0
L 51.39200034 22.00800018 52.40800034 22.00800018 0 P 0
L 51.3999988 3.29200002 51.9079988 4.30800002 0 P 0
L 51.3999988 6.1919993 51.9079988 7.2079993 0 P 0
L 51.65400896 28.83700608 52.16200896 29.85300608 0 P 0
L 51.65400896 33.83700624 52.16200896 34.85300624 0 P 0
L 51.65400896 38.8370064 52.16200896 39.8530064 0 P 0
L 51.65400896 43.83700656 52.16200896 44.85300656 0 P 0
L 51.65400896 48.83700672 52.16200896 49.85300672 0 P 0
L 51.65400896 53.83700688 52.16200896 54.85300688 0 P 0
L 51.65400896 63.8370072 52.16200896 64.8530072 0 P 0
L 51.65400896 68.83700736 52.16200896 69.85300736 0 P 0
L 51.79199954 10.70799992 52.29999954 9.69199992 0 P 0
L 51.79199954 10.70799992 52.80799954 10.70799992 0 P 0
L 51.79199954 13.8079988 52.29999954 12.7919988 0 P 0
L 51.79199954 13.8079988 52.80799954 13.8079988 0 P 0
L 51.89199934 84.40799984 52.39999934 83.39199984 0 P 0
L 51.89199934 84.40799984 52.90799934 84.40799984 0 P 0
L 51.89199934 87.47589312 52.39999934 86.45989312 0 P 0
L 51.89199934 87.47589312 52.90799934 87.47589312 0 P 0
L 51.90000034 17.89199876 52.40800034 18.90799876 0 P 0
L 51.90000034 20.99200018 52.40800034 22.00800018 0 P 0
L 52.09199894 80.30800042 52.59999894 79.29200042 0 P 0
L 52.09199894 80.30800042 53.10799894 80.30800042 0 P 0
L 52.29200108 4.30800002 52.80000108 3.29200002 0 P 0
L 52.29200108 4.30800002 53.30800108 4.30800002 0 P 0
L 52.29200108 7.3079991 52.80000108 6.2919991 0 P 0
L 52.29200108 7.3079991 53.30800108 7.3079991 0 P 0
L 52.29999954 9.69199992 52.80799954 10.70799992 0 P 0
L 52.29999954 12.7919988 52.80799954 13.8079988 0 P 0
L 52.39999934 83.39199984 52.90799934 84.40799984 0 P 0
L 52.39999934 86.45989312 52.90799934 87.47589312 0 P 0
L 52.59200048 10.70799992 53.10000048 9.69199992 0 P 0
L 52.59200048 10.70799992 53.60800048 10.70799992 0 P 0
L 52.59200048 13.8079988 53.10000048 12.7919988 0 P 0
L 52.59200048 13.8079988 53.60800048 13.8079988 0 P 0
L 52.59999894 79.29200042 53.10799894 80.30800042 0 P 0
L 52.80000108 3.29200002 53.30800108 4.30800002 0 P 0
L 52.80000108 6.2919991 53.30800108 7.3079991 0 P 0
L 52.95199976 87.47589312 53.45999976 86.45989312 0 P 0
L 52.95199976 87.47589312 53.96799976 87.47589312 0 P 0
L 53.10000048 9.69199992 53.60800048 10.70799992 0 P 0
L 53.10000048 12.7919988 53.60800048 13.8079988 0 P 0
L 53.45999976 86.45989312 53.96799976 87.47589312 0 P 0
L 53.74199818 84.91699806 53.99599818 85.42499806 0 P 0
L 53.74199818 84.91699806 54.24999818 85.17099806 0 P 0
L 53.74199818 85.93299806 53.99599818 85.42499806 0 P 0
L 53.74199818 85.93299806 54.24999818 85.67899806 0 P 0
L 53.74199818 88.37099928 53.99599818 88.37099928 0 P 0
L 53.74199818 88.37099928 53.99599818 88.62499928 0 P 0
L 53.74199818 88.87899928 53.99599818 88.62499928 0 P 0
L 53.74199818 88.87899928 53.99599818 88.87899928 0 P 0
L 53.79200062 4.30800002 54.30000062 3.29200002 0 P 0
L 53.79200062 4.30800002 54.80800062 4.30800002 0 P 0
L 53.79200062 7.3079991 54.30000062 6.2919991 0 P 0
L 53.79200062 7.3079991 54.80800062 7.3079991 0 P 0
L 53.79200062 18.90799876 54.30000062 17.89199876 0 P 0
L 53.79200062 18.90799876 54.80800062 18.90799876 0 P 0
L 53.79200062 22.00800018 54.30000062 20.99200018 0 P 0
L 53.79200062 22.00800018 54.80800062 22.00800018 0 P 0
L 53.99200022 80.70799962 54.50000022 79.69199962 0 P 0
L 53.99200022 80.70799962 55.00800022 80.70799962 0 P 0
L 53.99599818 88.37099928 54.24999818 88.11699928 0 P 0
L 53.99599818 88.87899928 54.24999818 89.13299928 0 P 0
L 54.24999818 85.17099806 54.75799818 84.91699806 0 P 0
L 54.24999818 85.67899806 54.75799818 85.93299806 0 P 0
L 54.24999818 88.11699928 54.50399818 88.37099928 0 P 0
L 54.24999818 89.13299928 54.50399818 88.87899928 0 P 0
L 54.30000062 3.29200002 54.80800062 4.30800002 0 P 0
L 54.30000062 6.2919991 54.80800062 7.3079991 0 P 0
L 54.30000062 17.89199876 54.80800062 18.90799876 0 P 0
L 54.30000062 20.99200018 54.80800062 22.00800018 0 P 0
L 54.34979986 5.76848224 54.85779986 4.75248224 0 P 0
L 54.34979986 5.76848224 55.36579986 5.76848224 0 P 0
L 54.50000022 79.69199962 55.00800022 80.70799962 0 P 0
L 54.50399818 85.42499806 54.75799818 84.91699806 0 P 0
L 54.50399818 85.42499806 54.75799818 85.93299806 0 P 0
L 54.50399818 88.37099928 54.75799818 88.37099928 0 P 0
L 54.50399818 88.62499928 54.75799818 88.37099928 0 P 0
L 54.50399818 88.62499928 54.75799818 88.87899928 0 P 0
L 54.50399818 88.87899928 54.75799818 88.87899928 0 P 0
L 54.85779986 4.75248224 55.36579986 5.76848224 0 P 0
L 54.89157424 84.98299996 55.39957424 83.96699996 0 P 0
L 54.89157424 84.98299996 55.90757424 84.98299996 0 P 0
L 54.94200086 73.50799878 55.45000086 72.49199878 0 P 0
L 54.94200086 73.50799878 55.95800086 73.50799878 0 P 0
L 54.94200086 75.50799986 55.45000086 74.49199986 0 P 0
L 54.94200086 75.50799986 55.95800086 75.50799986 0 P 0
L 54.99200076 13.8079988 55.50000076 12.7919988 0 P 0
L 54.99200076 13.8079988 56.00800076 13.8079988 0 P 0
L 55.14520086 73.30479878 55.45000086 72.69519878 0 P 0
L 55.14520086 73.30479878 55.75480086 73.30479878 0 P 0
L 55.14520086 75.30479986 55.45000086 74.69519986 0 P 0
L 55.14520086 75.30479986 55.75480086 75.30479986 0 P 0
L 55.39199996 81.75887128 55.89999996 80.74287128 0 P 0
L 55.39199996 81.75887128 56.40799996 81.75887128 0 P 0
L 55.39957424 83.96699996 55.90757424 84.98299996 0 P 0
L 55.45000086 72.49199878 55.95800086 73.50799878 0 P 0
L 55.45000086 72.69519878 55.75480086 73.30479878 0 P 0
L 55.45000086 74.49199986 55.95800086 75.50799986 0 P 0
L 55.45000086 74.69519986 55.75480086 75.30479986 0 P 0
L 55.50000076 12.7919988 56.00800076 13.8079988 0 P 0
L 55.59199956 87.00799972 56.09999956 85.99199972 0 P 0
L 55.59199956 87.00799972 56.60799956 87.00799972 0 P 0
L 55.89999996 80.74287128 56.40799996 81.75887128 0 P 0
L 56.0920011 10.00799878 56.6000011 8.99199878 0 P 0
L 56.0920011 10.00799878 57.1080011 10.00799878 0 P 0
L 56.09999956 85.99199972 56.60799956 87.00799972 0 P 0
L 56.14600912 4.85300528 56.65400912 3.83700528 0 P 0
L 56.14600912 4.85300528 57.16200912 4.85300528 0 P 0
L 56.14600912 14.8530056 56.65400912 13.8370056 0 P 0
L 56.14600912 14.8530056 57.16200912 14.8530056 0 P 0
L 56.14600912 29.85300608 56.65400912 28.83700608 0 P 0
L 56.14600912 29.85300608 57.16200912 29.85300608 0 P 0
L 56.14600912 34.85300624 56.65400912 33.83700624 0 P 0
L 56.14600912 34.85300624 57.16200912 34.85300624 0 P 0
L 56.14600912 39.8530064 56.65400912 38.8370064 0 P 0
L 56.14600912 39.8530064 57.16200912 39.8530064 0 P 0
L 56.14600912 44.85300656 56.65400912 43.83700656 0 P 0
L 56.14600912 44.85300656 57.16200912 44.85300656 0 P 0
L 56.14600912 49.85300672 56.65400912 48.83700672 0 P 0
L 56.14600912 49.85300672 57.16200912 49.85300672 0 P 0
L 56.14600912 54.85300688 56.65400912 53.83700688 0 P 0
L 56.14600912 54.85300688 57.16200912 54.85300688 0 P 0
L 56.14600912 59.85300704 56.65400912 58.83700704 0 P 0
L 56.14600912 59.85300704 57.16200912 59.85300704 0 P 0
L 56.6000011 8.99199878 57.1080011 10.00799878 0 P 0
L 56.65400912 3.83700528 57.16200912 4.85300528 0 P 0
L 56.65400912 13.8370056 57.16200912 14.8530056 0 P 0
L 56.65400912 28.83700608 57.16200912 29.85300608 0 P 0
L 56.65400912 33.83700624 57.16200912 34.85300624 0 P 0
L 56.65400912 38.8370064 57.16200912 39.8530064 0 P 0
L 56.65400912 43.83700656 57.16200912 44.85300656 0 P 0
L 56.65400912 48.83700672 57.16200912 49.85300672 0 P 0
L 56.65400912 53.83700688 57.16200912 54.85300688 0 P 0
L 56.65400912 58.83700704 57.16200912 59.85300704 0 P 0
L 57.35970494 84.83299772 57.86770494 83.81699772 0 P 0
L 57.35970494 84.83299772 58.37570494 84.83299772 0 P 0
L 57.79200024 18.90799876 58.30000024 17.89199876 0 P 0
L 57.79200024 18.90799876 58.80800024 18.90799876 0 P 0
L 57.86770494 83.81699772 58.37570494 84.83299772 0 P 0
L 57.92810614 84.12800802 58.43610614 83.11200802 0 P 0
L 57.92810614 84.12800802 58.94410614 84.12800802 0 P 0
L 58.30000024 17.89199876 58.80800024 18.90799876 0 P 0
L 58.32766338 87.5872645 58.83566338 86.5712645 0 P 0
L 58.32766338 87.5872645 59.34366338 87.5872645 0 P 0
L 58.43610614 83.11200802 58.94410614 84.12800802 0 P 0
L 58.80079172 65.49250808 58.80079172 66.50850808 0 P 0
L 58.80079172 65.49250808 59.81679172 65.49250808 0 P 0
L 58.80079172 66.50850808 59.81679172 66.50850808 0 P 0
L 58.83566338 86.5712645 59.34366338 87.5872645 0 P 0
L 59.00399172 65.69570808 59.00399172 66.30530808 0 P 0
L 59.00399172 65.69570808 59.61359172 65.69570808 0 P 0
L 59.00399172 66.30530808 59.61359172 66.30530808 0 P 0
L 59.22810862 84.00927572 59.73610862 82.99327572 0 P 0
L 59.22810862 84.00927572 60.24410862 84.00927572 0 P 0
L 59.29200232 15.39207488 59.29200232 15.64607488 0 P 0
L 59.29200232 15.39207488 59.54600232 15.39207488 0 P 0
L 59.29200232 15.64607488 59.54600232 15.90007488 0 P 0
L 59.29200232 16.15407488 59.29200232 16.40807488 0 P 0
L 59.29200232 16.15407488 59.54600232 15.90007488 0 P 0
L 59.29200232 16.40807488 59.54600232 16.40807488 0 P 0
L 59.54600232 15.39207488 59.80000232 15.64607488 0 P 0
L 59.54600232 16.40807488 59.80000232 16.15407488 0 P 0
L 59.61359172 65.69570808 59.61359172 66.30530808 0 P 0
L 59.73610862 82.99327572 60.24410862 84.00927572 0 P 0
L 59.80000232 15.64607488 60.05400232 15.39207488 0 P 0
L 59.80000232 16.15407488 60.05400232 16.40807488 0 P 0
L 59.81679172 65.49250808 59.81679172 66.50850808 0 P 0
L 60.05400232 15.39207488 60.30800232 15.39207488 0 P 0
L 60.05400232 15.90007488 60.30800232 15.64607488 0 P 0
L 60.05400232 15.90007488 60.30800232 16.15407488 0 P 0
L 60.05400232 16.40807488 60.30800232 16.40807488 0 P 0
L 60.30800232 15.39207488 60.30800232 15.64607488 0 P 0
L 60.30800232 16.15407488 60.30800232 16.40807488 0 P 0
L 60.69199952 22.80800112 61.19999952 21.79200112 0 P 0
L 60.69199952 22.80800112 61.70799952 22.80800112 0 P 0
L 61.14600928 9.85300544 61.65400928 8.83700544 0 P 0
L 61.14600928 9.85300544 62.16200928 9.85300544 0 P 0
L 61.14600928 19.85300576 61.65400928 18.83700576 0 P 0
L 61.14600928 19.85300576 62.16200928 19.85300576 0 P 0
L 61.14600928 24.85300592 61.65400928 23.83700592 0 P 0
L 61.14600928 24.85300592 62.16200928 24.85300592 0 P 0
L 61.14600928 29.85300608 61.65400928 28.83700608 0 P 0
L 61.14600928 29.85300608 62.16200928 29.85300608 0 P 0
L 61.14600928 34.85300624 61.65400928 33.83700624 0 P 0
L 61.14600928 34.85300624 62.16200928 34.85300624 0 P 0
L 61.14600928 39.8530064 61.65400928 38.8370064 0 P 0
L 61.14600928 39.8530064 62.16200928 39.8530064 0 P 0
L 61.14600928 44.85300656 61.65400928 43.83700656 0 P 0
L 61.14600928 44.85300656 62.16200928 44.85300656 0 P 0
L 61.14600928 49.85300672 61.65400928 48.83700672 0 P 0
L 61.14600928 49.85300672 62.16200928 49.85300672 0 P 0
L 61.14600928 54.85300688 61.65400928 53.83700688 0 P 0
L 61.14600928 54.85300688 62.16200928 54.85300688 0 P 0
L 61.14600928 59.85300704 61.65400928 58.83700704 0 P 0
L 61.14600928 59.85300704 62.16200928 59.85300704 0 P 0
L 61.14600928 69.85300736 61.65400928 68.83700736 0 P 0
L 61.14600928 69.85300736 62.16200928 69.85300736 0 P 0
L 61.1552117 82.3393451 61.6632117 81.3233451 0 P 0
L 61.1552117 82.3393451 62.1712117 82.3393451 0 P 0
L 61.19999952 21.79200112 61.70799952 22.80800112 0 P 0
L 61.29699958 87.88299924 61.80499958 86.86699924 0 P 0
L 61.29699958 87.88299924 62.31299958 87.88299924 0 P 0
L 61.48147216 84.98299996 61.98947216 83.96699996 0 P 0
L 61.48147216 84.98299996 62.49747216 84.98299996 0 P 0
L 61.49200046 2.49199908 61.49200046 3.50799908 0 P 0
L 61.49200046 2.49199908 62.50800046 2.49199908 0 P 0
L 61.49200046 3.50799908 62.50800046 3.50799908 0 P 0
L 61.49200046 74.49199986 61.49200046 75.50799986 0 P 0
L 61.49200046 74.49199986 62.50800046 74.49199986 0 P 0
L 61.49200046 75.50799986 62.50800046 75.50799986 0 P 0
L 61.65400928 8.83700544 62.16200928 9.85300544 0 P 0
L 61.65400928 18.83700576 62.16200928 19.85300576 0 P 0
L 61.65400928 23.83700592 62.16200928 24.85300592 0 P 0
L 61.65400928 28.83700608 62.16200928 29.85300608 0 P 0
L 61.65400928 33.83700624 62.16200928 34.85300624 0 P 0
L 61.65400928 38.8370064 62.16200928 39.8530064 0 P 0
L 61.65400928 43.83700656 62.16200928 44.85300656 0 P 0
L 61.65400928 48.83700672 62.16200928 49.85300672 0 P 0
L 61.65400928 53.83700688 62.16200928 54.85300688 0 P 0
L 61.65400928 58.83700704 62.16200928 59.85300704 0 P 0
L 61.65400928 68.83700736 62.16200928 69.85300736 0 P 0
L 61.6632117 81.3233451 62.1712117 82.3393451 0 P 0
L 61.80499958 86.86699924 62.31299958 87.88299924 0 P 0
L 61.95538536 80.1005764 62.46338536 79.0845764 0 P 0
L 61.95538536 80.1005764 62.97138536 80.1005764 0 P 0
L 61.98947216 83.96699996 62.49747216 84.98299996 0 P 0
L 61.99199946 81.10800136 62.49999946 80.09200136 0 P 0
L 61.99199946 81.10800136 63.00799946 81.10800136 0 P 0
L 61.99199946 82.0080021 62.49999946 80.9920021 0 P 0
L 61.99199946 82.0080021 63.00799946 82.0080021 0 P 0
L 62.46338536 79.0845764 62.97138536 80.1005764 0 P 0
L 62.49999946 80.09200136 63.00799946 81.10800136 0 P 0
L 62.49999946 80.9920021 63.00799946 82.0080021 0 P 0
L 62.50800046 2.49199908 62.50800046 3.50799908 0 P 0
L 62.50800046 74.49199986 62.50800046 75.50799986 0 P 0
L 62.6420007 84.91699806 62.8960007 85.42499806 0 P 0
L 62.6420007 84.91699806 63.1500007 85.17099806 0 P 0
L 62.6420007 85.93299806 62.8960007 85.42499806 0 P 0
L 62.6420007 85.93299806 63.1500007 85.67899806 0 P 0
L 62.6420007 88.37099928 62.8960007 88.37099928 0 P 0
L 62.6420007 88.37099928 62.8960007 88.62499928 0 P 0
L 62.6420007 88.87899928 62.8960007 88.62499928 0 P 0
L 62.6420007 88.87899928 62.8960007 88.87899928 0 P 0
L 62.8960007 88.37099928 63.1500007 88.11699928 0 P 0
L 62.8960007 88.87899928 63.1500007 89.13299928 0 P 0
L 63.1500007 85.17099806 63.6580007 84.91699806 0 P 0
L 63.1500007 85.67899806 63.6580007 85.93299806 0 P 0
L 63.1500007 88.11699928 63.4040007 88.37099928 0 P 0
L 63.1500007 89.13299928 63.4040007 88.87899928 0 P 0
L 63.4040007 85.42499806 63.6580007 84.91699806 0 P 0
L 63.4040007 85.42499806 63.6580007 85.93299806 0 P 0
L 63.4040007 88.37099928 63.6580007 88.37099928 0 P 0
L 63.4040007 88.62499928 63.6580007 88.37099928 0 P 0
L 63.4040007 88.62499928 63.6580007 88.87899928 0 P 0
L 63.4040007 88.87899928 63.6580007 88.87899928 0 P 0
